Country_Name,Lower_Super_Output_Area_Name,pcd_comp,Split_by
England,South Gloucestershire 027D,BS154LW,BS15
England,Bristol 032B,BS15LG,BS15
England,Bristol 032C,BS15LJ,BS15
England,South Gloucestershire 028E,BS159SA,BS15
England,South Gloucestershire 031C,BS153JH,BS15
England,South Gloucestershire 019G,BS154NW,BS15
England,South Gloucestershire 031D,BS153LR,BS15
England,South Gloucestershire 028B,BS158DP,BS15
England,South Gloucestershire 026C,BS151TS,BS15
England,Bristol 027A,BS151JA,BS15
England,South Gloucestershire 031B,BS158NY,BS15
England,South Gloucestershire 028E,BS159YE,BS15
England,South Gloucestershire 028B,BS158HA,BS15
England,South Gloucestershire 027A,BS154QZ,BS15
England,Bristol 027A,BS158FE,BS15
England,South Gloucestershire 031C,BS153JN,BS15
England,South Gloucestershire 028C,BS158NW,BS15
England,South Gloucestershire 027E,BS154QT,BS15
England,South Gloucestershire 029D,BS159YN,BS15
England,Bristol 032F,BS15DT,BS15
England,South Gloucestershire 028D,BS154AR,BS15
England,South Gloucestershire 031D,BS153LX,BS15
England,Bristol 032F,BS15TJ,BS15
England,Bristol 032G,BS15JS,BS15
England,South Gloucestershire 031B,BS153QE,BS15
England,South Gloucestershire 026A,BS151UA,BS15
England,Bristol 027C,BS158AP,BS15
England,South Gloucestershire 028C,BS158DB,BS15
England,Bristol 032E,BS15UJ,BS15
England,South Gloucestershire 027D,BS154HP,BS15
England,South Gloucestershire 027C,BS154BL,BS15
England,Bristol 032E,BS15PU,BS15
England,South Gloucestershire 025B,BS154XJ,BS15
England,Bristol 021D,BS151NX,BS15
England,South Gloucestershire 031A,BS158SD,BS15
England,Bristol 032E,BS15UP,BS15
England,South Gloucestershire 031A,BS153AE,BS15
England,South Gloucestershire 028C,BS159RG,BS15
England,Bristol 032F,BS15AR,BS15
England,South Gloucestershire 031F,BS153TJ,BS15
England,South Gloucestershire 026C,BS151SW,BS15
England,South Gloucestershire 027C,BS154DA,BS15
England,Bristol 021D,BS151NG,BS15
England,South Gloucestershire 027B,BS154ED,BS15
England,South Gloucestershire 027B,BS154TJ,BS15
England,South Gloucestershire 027B,BS154FS,BS15
England,South Gloucestershire 031A,BS153DN,BS15
England,South Gloucestershire 028B,BS158HE,BS15
England,South Gloucestershire 026B,BS151XB,BS15
England,Bristol 032E,BS15PY,BS15
England,Bristol 032E,BS15UD,BS15
England,Bristol 021D,BS151NA,BS15
England,Bristol 032E,BS15RW,BS15
England,Bristol 032E,BS15AH,BS15
England,Bristol 032F,BS15SW,BS15
England,South Gloucestershire 026A,BS151FB,BS15
England,Bristol 032C,BS15JN,BS15
England,South Gloucestershire 026A,BS151FD,BS15
England,South Gloucestershire 029E,BS159SE,BS15
England,Bristol 027A,BS158EE,BS15
England,South Gloucestershire 028D,BS158XJ,BS15
England,South Gloucestershire 027A,BS154DL,BS15
England,South Gloucestershire 031E,BS153SW,BS15
England,South Gloucestershire 029F,BS159QJ,BS15
England,South Gloucestershire 028B,BS158FH,BS15
England,South Gloucestershire 031B,BS153RB,BS15
England,Bristol 027A,BS151JQ,BS15
England,South Gloucestershire 019G,BS154ND,BS15
England,Bristol 027B,BS151EB,BS15
England,South Gloucestershire 029F,BS159AA,BS15
England,Bristol 027A,BS151JP,BS15
England,South Gloucestershire 027D,BS154HS,BS15
England,Bristol 032E,BS15QT,BS15
England,Bristol 032F,BS15LN,BS15
England,South Gloucestershire 028D,BS158HU,BS15
England,Bristol 021D,BS151TB,BS15
England,South Gloucestershire 026C,BS151PE,BS15
England,South Gloucestershire 028D,BS159AB,BS15
England,South Gloucestershire 032B,BS153GG,BS15
England,Bristol 027A,BS158BS,BS15
England,Bristol 032E,BS15QD,BS15
England,South Gloucestershire 029F,BS159PD,BS15
England,South Gloucestershire 027C,BS154AF,BS15
England,Bristol 032C,BS15PF,BS15
England,Bristol 021D,BS151SX,BS15
England,South Gloucestershire 027D,BS154LL,BS15
England,South Gloucestershire 026A,BS154BD,BS15
England,Bristol 032C,BS15RH,BS15
England,South Gloucestershire 029E,BS159WZ,BS15
England,Bristol 032C,BS15AZ,BS15
England,South Gloucestershire 025C,BS154SS,BS15
England,South Gloucestershire 028A,BS158SB,BS15
England,South Gloucestershire 026C,BS151JN,BS15
England,South Gloucestershire 027C,BS154DD,BS15
England,South Gloucestershire 019G,BS154HD,BS15
England,Bristol 032E,BS15BE,BS15
England,Bristol 018A,BS151LH,BS15
England,Bristol 018A,BS151QN,BS15
England,South Gloucestershire 029E,BS159SQ,BS15
England,South Gloucestershire 031B,BS159NJ,BS15
England,South Gloucestershire 029E,BS159WX,BS15
England,Bristol 032C,BS15BT,BS15
England,Bristol 032B,BS15BU,BS15
England,South Gloucestershire 029D,BS159RX,BS15
England,South Gloucestershire 026B,BS151TQ,BS15
England,South Gloucestershire 027B,BS154TG,BS15
England,South Gloucestershire 028D,BS150DB,BS15
England,South Gloucestershire 029E,BS159PS,BS15
England,South Gloucestershire 031A,BS153ET,BS15
England,Bristol 027B,BS151EF,BS15
England,South Gloucestershire 029D,BS159UW,BS15
England,South Gloucestershire 027D,BS154BF,BS15
England,South Gloucestershire 026A,BS151UN,BS15
England,Bristol 032E,BS15NL,BS15
England,South Gloucestershire 027B,BS154FY,BS15
England,South Gloucestershire 031F,BS153LS,BS15
England,South Gloucestershire 031C,BS153AL,BS15
England,South Gloucestershire 026A,BS151XS,BS15
England,South Gloucestershire 027C,BS154JA,BS15
England,South Gloucestershire 027C,BS151QT,BS15
England,South Gloucestershire 026C,BS151RB,BS15
England,South Gloucestershire 025A,BS154XT,BS15
England,South Gloucestershire 028E,BS154AJ,BS15
England,South Gloucestershire 028C,BS158JQ,BS15
England,Bristol 028C,BS151EQ,BS15
England,South Gloucestershire 027C,BS159TR,BS15
England,South Gloucestershire 026A,BS151RF,BS15
England,Bristol 027B,BS151HQ,BS15
England,South Gloucestershire 031C,BS153JR,BS15
England,South Gloucestershire 026C,BS151SP,BS15
England,South Gloucestershire 027E,BS154QS,BS15
England,South Gloucestershire 031B,BS153RZ,BS15
England,Bristol 032C,BS15BD,BS15
England,South Gloucestershire 027E,BS154QX,BS15
England,South Gloucestershire 029F,BS159QS,BS15
England,Bristol 018A,BS151QA,BS15
England,South Gloucestershire 028A,BS153QN,BS15
England,Bristol 032F,BS15TS,BS15
England,South Gloucestershire 031E,BS153SB,BS15
England,Bristol 032F,BS15TR,BS15
England,Bristol 028C,BS151EJ,BS15
England,South Gloucestershire 031B,BS159NL,BS15
England,South Gloucestershire 031C,BS153HT,BS15
England,South Gloucestershire 031F,BS153SZ,BS15
England,South Gloucestershire 025B,BS154UE,BS15
England,South Gloucestershire 027B,BS154DG,BS15
England,South Gloucestershire 028E,BS159UD,BS15
England,South Gloucestershire 028D,BS150AL,BS15
England,South Gloucestershire 029E,BS159PL,BS15
England,Bristol 032C,BS15UB,BS15
England,Bristol 027A,BS151TF,BS15
England,Bristol 027C,BS151BA,BS15
England,Bristol 032G,BS15AG,BS15
England,South Gloucestershire 031F,BS153FH,BS15
England,South Gloucestershire 026B,BS151TU,BS15
England,South Gloucestershire 028C,BS158EA,BS15
England,South Gloucestershire 019G,BS154NZ,BS15
England,South Gloucestershire 031F,BS153TH,BS15
England,South Gloucestershire 031D,BS153FQ,BS15
England,Bristol 032C,BS15LP,BS15
England,South Gloucestershire 031B,BS158QS,BS15
England,Bristol 032C,BS15NB,BS15
England,South Gloucestershire 029F,BS159TB,BS15
England,Bristol 032C,BS15JX,BS15
England,South Gloucestershire 027C,BS151QY,BS15
England,South Gloucestershire 029D,BS159SD,BS15
England,South Gloucestershire 019G,BS154NG,BS15
England,South Gloucestershire 027B,BS154EB,BS15
England,Bristol 027B,BS151DU,BS15
England,South Gloucestershire 027B,BS154DZ,BS15
England,South Gloucestershire 028D,BS154AN,BS15
England,South Gloucestershire 031B,BS158BQ,BS15
England,South Gloucestershire 019G,BS154NX,BS15
England,South Gloucestershire 028D,BS158HP,BS15
England,South Gloucestershire 019G,BS154WW,BS15
England,South Gloucestershire 028E,BS159UA,BS15
England,South Gloucestershire 031C,BS153AH,BS15
England,South Gloucestershire 028D,BS159TJ,BS15
England,South Gloucestershire 031E,BS153GW,BS15
England,Bristol 032E,BS15QH,BS15
England,Bristol 021D,BS151EP,BS15
England,South Gloucestershire 026A,BS151XW,BS15
England,Bristol 021D,BS151NL,BS15
England,South Gloucestershire 026B,BS151UQ,BS15
England,Bristol 027B,BS151DR,BS15
England,Bristol 027C,BS151HE,BS15
England,South Gloucestershire 027E,BS154TN,BS15
England,South Gloucestershire 027A,BS154JR,BS15
England,South Gloucestershire 029F,BS159SL,BS15
England,South Gloucestershire 027E,BS154QB,BS15
England,South Gloucestershire 026C,BS151SG,BS15
England,South Gloucestershire 028C,BS158NJ,BS15
England,South Gloucestershire 031F,BS153FG,BS15
England,South Gloucestershire 031A,BS153EU,BS15
England,South Gloucestershire 028D,BS150DQ,BS15
England,South Gloucestershire 029E,BS159RN,BS15
England,Bristol 032F,BS15EE,BS15
England,Bristol 032E,BS15TL,BS15
England,South Gloucestershire 028C,BS158NQ,BS15
England,Bristol 032F,BS15DY,BS15
England,Bristol 027A,BS151TE,BS15
England,South Gloucestershire 028E,BS154FQ,BS15
England,South Gloucestershire 028A,BS158SF,BS15
England,South Gloucestershire 031E,BS153SL,BS15
England,South Gloucestershire 028E,BS159TT,BS15
England,Bristol 032F,BS15AW,BS15
England,South Gloucestershire 025C,BS154SW,BS15
England,South Gloucestershire 028D,BS159TN,BS15
England,South Gloucestershire 027C,BS151BN,BS15
England,South Gloucestershire 019F,BS154AH,BS15
England,South Gloucestershire 026A,BS151UE,BS15
England,South Gloucestershire 031A,BS153QD,BS15
England,Bristol 032F,BS15JE,BS15
England,South Gloucestershire 025C,BS154UA,BS15
England,South Gloucestershire 029F,BS159SX,BS15
England,South Gloucestershire 031B,BS153QZ,BS15
England,South Gloucestershire 019G,BS154NY,BS15
England,Bristol 027A,BS151HZ,BS15
England,South Gloucestershire 026A,BS151XP,BS15
England,South Gloucestershire 025B,BS154UB,BS15
England,Bristol 032B,BS15AE,BS15
England,South Gloucestershire 025A,BS154PX,BS15
England,South Gloucestershire 028A,BS153QF,BS15
England,South Gloucestershire 031C,BS153EX,BS15
England,Bristol 032C,BS15JG,BS15
England,Bristol 027A,BS151AF,BS15
England,Bristol 021D,BS151NR,BS15
England,South Gloucestershire 031F,BS153NH,BS15
England,Bristol 021D,BS151LS,BS15
England,South Gloucestershire 026C,BS151SS,BS15
England,South Gloucestershire 031B,BS158QU,BS15
England,South Gloucestershire 026B,BS151PP,BS15
England,South Gloucestershire 031B,BS153PG,BS15
England,South Gloucestershire 026C,BS151RE,BS15
England,Bristol 032C,BS15BG,BS15
England,South Gloucestershire 028D,BS158JD,BS15
England,South Gloucestershire 025B,BS154XE,BS15
England,South Gloucestershire 031E,BS153SQ,BS15
England,Bristol 032C,BS15NU,BS15
England,South Gloucestershire 029F,BS159ZD,BS15
England,South Gloucestershire 031B,BS153PD,BS15
England,South Gloucestershire 028D,BS158NE,BS15
England,South Gloucestershire 027B,BS154DF,BS15
England,Bristol 027B,BS151DL,BS15
England,South Gloucestershire 031A,BS153QG,BS15
England,South Gloucestershire 029D,BS154EY,BS15
England,South Gloucestershire 031B,BS159NS,BS15
England,Bristol 027C,BS158BZ,BS15
England,South Gloucestershire 031B,BS158QT,BS15
England,South Gloucestershire 029F,BS159SP,BS15
England,Bristol 027C,BS151AZ,BS15
England,Bristol 027D,BS158BB,BS15
England,South Gloucestershire 026A,BS151TZ,BS15
England,South Gloucestershire 027D,BS154HX,BS15
England,South Gloucestershire 028C,BS158NR,BS15
England,South Gloucestershire 027E,BS154QF,BS15
England,South Gloucestershire 028B,BS158EU,BS15
England,South Gloucestershire 025B,BS154XX,BS15
England,South Gloucestershire 027D,BS154HY,BS15
England,South Gloucestershire 028C,BS151BZ,BS15
England,Bristol 021D,BS151TA,BS15
England,Bristol 027D,BS158DN,BS15
England,South Gloucestershire 027C,BS154EH,BS15
England,South Gloucestershire 029D,BS159RE,BS15
England,South Gloucestershire 031A,BS153ED,BS15
England,Bristol 032F,BS15BW,BS15
England,South Gloucestershire 027D,BS154JL,BS15
England,Bristol 027C,BS151HA,BS15
England,Bristol 032B,BS15BS,BS15
England,South Gloucestershire 028D,BS158DS,BS15
England,South Gloucestershire 031E,BS153HJ,BS15
England,Bristol 021D,BS151PB,BS15
England,Bristol 032F,BS15AJ,BS15
England,South Gloucestershire 031D,BS153LY,BS15
England,South Gloucestershire 031B,BS158QR,BS15
England,South Gloucestershire 031B,BS159NN,BS15
England,South Gloucestershire 026B,BS151XF,BS15
England,South Gloucestershire 027E,BS154QD,BS15
England,South Gloucestershire 027C,BS154BN,BS15
England,South Gloucestershire 027B,BS154RR,BS15
England,South Gloucestershire 028D,BS159TF,BS15
England,South Gloucestershire 031A,BS153EJ,BS15
England,South Gloucestershire 029E,BS159SG,BS15
England,South Gloucestershire 028C,BS158NU,BS15
England,South Gloucestershire 025B,BS151XL,BS15
England,South Gloucestershire 019G,BS154NU,BS15
England,South Gloucestershire 028E,BS159UF,BS15
England,South Gloucestershire 026C,BS151AD,BS15
England,South Gloucestershire 029F,BS159ST,BS15
England,South Gloucestershire 031D,BS153LH,BS15
England,South Gloucestershire 031B,BS153RX,BS15
England,South Gloucestershire 025A,BS154XN,BS15
England,South Gloucestershire 028D,BS158LD,BS15
England,South Gloucestershire 026B,BS151XZ,BS15
England,South Gloucestershire 029E,BS159GL,BS15
England,South Gloucestershire 031C,BS153BL,BS15
England,South Gloucestershire 025B,BS154TS,BS15
England,South Gloucestershire 031D,BS153PW,BS15
England,South Gloucestershire 028B,BS158DR,BS15
England,South Gloucestershire 028A,BS153QW,BS15
England,South Gloucestershire 026C,BS151SD,BS15
England,Bristol 033D,BS153BE,BS15
England,South Gloucestershire 027D,BS154LG,BS15
England,South Gloucestershire 028D,BS159TP,BS15
England,Bristol 018A,BS151LW,BS15
England,South Gloucestershire 028C,BS158BG,BS15
England,South Gloucestershire 029D,BS159RB,BS15
England,Bristol 027A,BS151JF,BS15
England,South Gloucestershire 029F,BS159TA,BS15
England,South Gloucestershire 031F,BS153NL,BS15
England,South Gloucestershire 032B,BS153HW,BS15
England,Bristol 021D,BS151NT,BS15
England,South Gloucestershire 031B,BS153PF,BS15
England,South Gloucestershire 026B,BS151PY,BS15
England,South Gloucestershire 028C,BS159QQ,BS15
England,South Gloucestershire 027D,BS154LA,BS15
England,South Gloucestershire 031A,BS153DP,BS15
England,South Gloucestershire 031C,BS153AN,BS15
England,Bristol 027C,BS151HP,BS15
England,South Gloucestershire 031F,BS153NN,BS15
England,South Gloucestershire 028C,BS158DD,BS15
England,South Gloucestershire 031A,BS153DT,BS15
England,Bristol 032E,BS15QL,BS15
England,South Gloucestershire 026A,BS151UB,BS15
England,Bristol 021D,BS151ND,BS15
England,South Gloucestershire 031B,BS153RA,BS15
England,South Gloucestershire 031A,BS153BH,BS15
England,South Gloucestershire 031B,BS153HH,BS15
England,South Gloucestershire 028C,BS158DZ,BS15
England,South Gloucestershire 028D,BS158PN,BS15
England,Bristol 028E,BS151BS,BS15
England,South Gloucestershire 029F,BS159PE,BS15
England,Bristol 032F,BS15DH,BS15
England,Bristol 027A,BS151EU,BS15
England,Bristol 032E,BS15QB,BS15
England,South Gloucestershire 027B,BS154DY,BS15
England,South Gloucestershire 028E,BS159TY,BS15
England,Bristol 027A,BS151AN,BS15
England,South Gloucestershire 028C,BS158JW,BS15
England,South Gloucestershire 025C,BS154PQ,BS15
England,South Gloucestershire 031F,BS153TA,BS15
England,South Gloucestershire 025D,BS154XP,BS15
England,Bristol 033D,BS153AZ,BS15
England,South Gloucestershire 031B,BS153HQ,BS15
England,South Gloucestershire 027A,BS154RE,BS15
England,South Gloucestershire 028D,BS158WF,BS15
England,South Gloucestershire 026B,BS151XQ,BS15
England,South Gloucestershire 031B,BS153PH,BS15
England,Bristol 027A,BS158BT,BS15
England,South Gloucestershire 029D,BS159QR,BS15
England,South Gloucestershire 027A,BS154JP,BS15
England,South Gloucestershire 031A,BS153PQ,BS15
England,South Gloucestershire 028D,BS150BG,BS15
England,South Gloucestershire 026A,BS151TX,BS15
England,South Gloucestershire 027C,BS154BJ,BS15
England,South Gloucestershire 028D,BS158PL,BS15
England,South Gloucestershire 029F,BS159NQ,BS15
England,South Gloucestershire 029F,BS159QN,BS15
England,South Gloucestershire 031D,BS153LN,BS15
England,South Gloucestershire 031A,BS153SS,BS15
England,South Gloucestershire 029E,BS159SF,BS15
England,South Gloucestershire 029F,BS159QW,BS15
England,South Gloucestershire 031E,BS153PS,BS15
England,Bristol 027D,BS158AW,BS15
England,South Gloucestershire 027A,BS154LT,BS15
England,South Gloucestershire 026B,BS151XE,BS15
England,South Gloucestershire 027A,BS154RG,BS15
England,South Gloucestershire 028A,BS153QY,BS15
England,Bristol 032E,BS15QP,BS15
England,Bristol 032E,BS15XL,BS15
England,Bristol 027D,BS158AG,BS15
England,South Gloucestershire 026A,BS151UL,BS15
England,South Gloucestershire 026C,BS151SN,BS15
England,Bristol 032F,BS15AD,BS15
England,South Gloucestershire 026C,BS151SH,BS15
England,South Gloucestershire 029F,BS159SZ,BS15
England,South Gloucestershire 031A,BS153DG,BS15
England,South Gloucestershire 028C,BS158NF,BS15
England,South Gloucestershire 028E,BS159PB,BS15
England,South Gloucestershire 028D,BS158LY,BS15
England,Bristol 032C,BS15LQ,BS15
England,South Gloucestershire 027A,BS154LN,BS15
England,Bristol 027D,BS151BE,BS15
England,Bristol 032E,BS15TU,BS15
England,Bristol 027D,BS158AR,BS15
England,South Gloucestershire 028C,BS159QA,BS15
England,South Gloucestershire 029D,BS159YF,BS15
England,South Gloucestershire 028D,BS158LR,BS15
England,South Gloucestershire 028D,BS159RQ,BS15
England,South Gloucestershire 028A,BS153QS,BS15
England,South Gloucestershire 031A,BS153HD,BS15
England,South Gloucestershire 028A,BS158QZ,BS15
England,South Gloucestershire 028C,BS158PD,BS15
England,South Gloucestershire 027C,BS154BT,BS15
England,Bristol 021D,BS151LZ,BS15
England,South Gloucestershire 026B,BS151TL,BS15
England,South Gloucestershire 027E,BS154QW,BS15
England,Bristol 032E,BS15AF,BS15
England,Bristol 032F,BS15AU,BS15
England,Bristol 021D,BS151JE,BS15
England,Bristol 027D,BS158AQ,BS15
England,South Gloucestershire 027C,BS154HF,BS15
England,South Gloucestershire 027E,BS154QH,BS15
England,South Gloucestershire 026C,BS151RJ,BS15
England,Bristol 032E,BS15NH,BS15
England,Bristol 021D,BS151HJ,BS15
England,South Gloucestershire 031D,BS153LT,BS15
England,Bristol 033D,BS153BD,BS15
England,South Gloucestershire 027A,BS159JL,BS15
England,Bristol 018A,BS151AW,BS15
England,Bristol 027B,BS151DZ,BS15
England,South Gloucestershire 027D,BS154JB,BS15
England,South Gloucestershire 026C,BS154FH,BS15
England,South Gloucestershire 031B,BS158NZ,BS15
England,South Gloucestershire 025C,BS154GQ,BS15
England,South Gloucestershire 028C,BS158DH,BS15
England,Bristol 032C,BS15PL,BS15
England,Bristol 027A,BS158BW,BS15
England,South Gloucestershire 028C,BS159QB,BS15
England,South Gloucestershire 032E,BS153NU,BS15
England,Bristol 027B,BS151EE,BS15
England,Bristol 027A,BS151AJ,BS15
England,South Gloucestershire 028C,BS158DX,BS15
England,South Gloucestershire 028D,BS158JE,BS15
England,South Gloucestershire 026C,BS151RP,BS15
England,South Gloucestershire 025C,BS154SJ,BS15
England,Bristol 027C,BS151DT,BS15
England,Bristol 032B,BS15AY,BS15
England,South Gloucestershire 028D,BS159RJ,BS15
England,South Gloucestershire 027C,BS154EJ,BS15
England,South Gloucestershire 028D,BS158NB,BS15
England,South Gloucestershire 031A,BS153AB,BS15
England,Bristol 021D,BS151NW,BS15
England,South Gloucestershire 027A,BS154JZ,BS15
England,South Gloucestershire 028B,BS158HD,BS15
England,Bristol 032B,BS15AQ,BS15
England,Bristol 032E,BS15UW,BS15
England,South Gloucestershire 029F,BS159SY,BS15
England,South Gloucestershire 031E,BS153FJ,BS15
England,South Gloucestershire 026C,BS151RQ,BS15
England,South Gloucestershire 027C,BS154BU,BS15
England,Bristol 032F,BS15AT,BS15
England,South Gloucestershire 028D,BS158NA,BS15
England,South Gloucestershire 028E,BS159UT,BS15
England,South Gloucestershire 025C,BS154QA,BS15
England,Bristol 032C,BS15NT,BS15
England,Bristol 032C,BS15LA,BS15
England,South Gloucestershire 028B,BS158EQ,BS15
England,South Gloucestershire 031B,BS153HF,BS15
England,South Gloucestershire 029F,BS159SS,BS15
England,South Gloucestershire 028D,BS159TG,BS15
England,Bristol 027C,BS158BU,BS15
England,South Gloucestershire 031A,BS153EB,BS15
England,South Gloucestershire 019F,BS154PF,BS15
England,South Gloucestershire 028C,BS158NP,BS15
England,South Gloucestershire 026C,BS151QZ,BS15
England,Bristol 032F,BS15UH,BS15
England,South Gloucestershire 027C,BS154FP,BS15
England,South Gloucestershire 029D,BS159YG,BS15
England,South Gloucestershire 028B,BS158DE,BS15
England,South Gloucestershire 027A,BS154RD,BS15
England,South Gloucestershire 029D,BS159TD,BS15
England,South Gloucestershire 028B,BS158DL,BS15
England,South Gloucestershire 025A,BS154XS,BS15
England,South Gloucestershire 028C,BS158DF,BS15
England,Bristol 027B,BS151PD,BS15
England,South Gloucestershire 025A,BS154PU,BS15
England,South Gloucestershire 028E,BS159UB,BS15
England,Bristol 032F,BS15EJ,BS15
England,South Gloucestershire 028A,BS158QP,BS15
England,Bristol 021D,BS151LG,BS15
England,Bristol 027C,BS151BH,BS15
England,South Gloucestershire 028C,BS158BJ,BS15
England,Bristol 027C,BS151BL,BS15
England,South Gloucestershire 027A,BS154RQ,BS15
England,South Gloucestershire 031C,BS153EH,BS15
England,South Gloucestershire 029D,BS159YR,BS15
England,South Gloucestershire 027C,BS154BG,BS15
England,South Gloucestershire 026C,BS158LQ,BS15
England,South Gloucestershire 025B,BS154XQ,BS15
England,South Gloucestershire 031C,BS153JW,BS15
England,South Gloucestershire 028B,BS158HW,BS15
England,South Gloucestershire 027B,BS154RN,BS15
England,South Gloucestershire 025C,BS154RF,BS15
England,South Gloucestershire 027A,BS154SU,BS15
England,South Gloucestershire 031A,BS153DU,BS15
England,South Gloucestershire 026C,BS151SL,BS15
England,South Gloucestershire 028D,BS153UE,BS15
England,Bristol 032F,BS15TB,BS15
England,Bristol 027C,BS158AE,BS15
England,South Gloucestershire 027C,BS154JD,BS15
England,South Gloucestershire 031D,BS153JX,BS15
England,South Gloucestershire 031E,BS153PT,BS15
England,South Gloucestershire 028D,BS150EA,BS15
England,South Gloucestershire 028C,BS158EG,BS15
England,South Gloucestershire 027A,BS154LE,BS15
England,South Gloucestershire 027D,BS154JY,BS15
England,South Gloucestershire 028D,BS159RL,BS15
England,South Gloucestershire 027B,BS154RS,BS15
England,South Gloucestershire 027C,BS154BZ,BS15
England,South Gloucestershire 029E,BS159GR,BS15
England,South Gloucestershire 029E,BS159RP,BS15
England,Bristol 018A,BS151ET,BS15
England,Bristol 027A,BS151JD,BS15
England,South Gloucestershire 027C,BS154BH,BS15
England,South Gloucestershire 028D,BS158JS,BS15
England,South Gloucestershire 031F,BS153NQ,BS15
England,Bristol 032F,BS15DS,BS15
England,South Gloucestershire 027C,BS154AU,BS15
England,Bristol 018A,BS151QQ,BS15
England,South Gloucestershire 028E,BS159RY,BS15
England,South Gloucestershire 028C,BS158PY,BS15
England,South Gloucestershire 027D,BS154HA,BS15
England,South Gloucestershire 027E,BS154RZ,BS15
England,South Gloucestershire 029E,BS159GE,BS15
England,South Gloucestershire 027E,BS154QJ,BS15
England,South Gloucestershire 026A,BS151XY,BS15
England,Bristol 032F,BS15JQ,BS15
England,South Gloucestershire 026A,BS154BS,BS15
England,South Gloucestershire 027C,BS154HE,BS15
England,South Gloucestershire 026B,BS151UJ,BS15
England,South Gloucestershire 026B,BS151YA,BS15
England,South Gloucestershire 026B,BS151YB,BS15
England,Bristol 027A,BS151JU,BS15
England,Bristol 027B,BS151DX,BS15
England,South Gloucestershire 027C,BS154AZ,BS15
England,Bristol 018A,BS151QB,BS15
England,South Gloucestershire 026C,BS151TH,BS15
England,South Gloucestershire 027B,BS154DJ,BS15
England,South Gloucestershire 026A,BS151TN,BS15
England,South Gloucestershire 027A,BS154RB,BS15
England,South Gloucestershire 031C,BS153AP,BS15
England,Bristol 032E,BS15UY,BS15
England,South Gloucestershire 027C,BS154BP,BS15
England,South Gloucestershire 028C,BS158DT,BS15
England,South Gloucestershire 031C,BS153JB,BS15
England,South Gloucestershire 027B,BS154DS,BS15
England,South Gloucestershire 029D,BS159UE,BS15
England,Bristol 032E,BS15UX,BS15
England,South Gloucestershire 028B,BS158ES,BS15
England,South Gloucestershire 031B,BS153SR,BS15
England,South Gloucestershire 028E,BS159UJ,BS15
England,Bristol 032B,BS15BN,BS15
England,South Gloucestershire 027A,BS154JS,BS15
England,South Gloucestershire 027B,BS154BE,BS15
England,South Gloucestershire 029D,BS159RU,BS15
England,South Gloucestershire 027C,BS159WB,BS15
England,South Gloucestershire 028B,BS158EP,BS15
England,Bristol 032F,BS15SX,BS15
England,South Gloucestershire 031D,BS153LU,BS15
England,South Gloucestershire 019G,BS154NE,BS15
England,South Gloucestershire 031E,BS153GP,BS15
England,South Gloucestershire 028D,BS159QZ,BS15
England,South Gloucestershire 028A,BS158QX,BS15
England,South Gloucestershire 031B,BS159NP,BS15
England,South Gloucestershire 029E,BS159PF,BS15
England,South Gloucestershire 027E,BS154SE,BS15
England,South Gloucestershire 026C,BS151RN,BS15
England,Bristol 032G,BS15JP,BS15
England,South Gloucestershire 026C,BS151RW,BS15
England,South Gloucestershire 028A,BS153QQ,BS15
England,Bristol 027C,BS158AD,BS15
England,Bristol 027A,BS151SA,BS15
England,South Gloucestershire 027B,BS154RY,BS15
England,South Gloucestershire 029F,BS159QP,BS15
England,Bristol 032F,BS15LW,BS15
England,South Gloucestershire 028A,BS153QX,BS15
England,South Gloucestershire 029D,BS159UZ,BS15
England,South Gloucestershire 028A,BS153BY,BS15
England,South Gloucestershire 028C,BS159QD,BS15
England,South Gloucestershire 025C,BS154FJ,BS15
England,South Gloucestershire 031A,BS153EZ,BS15
England,South Gloucestershire 031C,BS153HZ,BS15
England,Bristol 018E,BS151QP,BS15
England,Bristol 027C,BS151DJ,BS15
England,South Gloucestershire 027A,BS154DN,BS15
England,Bristol 027A,BS151HT,BS15
England,South Gloucestershire 028D,BS158HS,BS15
England,South Gloucestershire 031C,BS153JP,BS15
England,Bristol 018A,BS151PJ,BS15
England,Bristol 027A,BS151FE,BS15
England,South Gloucestershire 031A,BS153DQ,BS15
England,South Gloucestershire 026B,BS151PS,BS15
England,South Gloucestershire 029F,BS159ZA,BS15
England,South Gloucestershire 028C,BS158LW,BS15
England,South Gloucestershire 026C,BS158JX,BS15
England,South Gloucestershire 028E,BS159US,BS15
England,South Gloucestershire 028A,BS153BX,BS15
England,Bristol 027C,BS151DH,BS15
England,South Gloucestershire 031C,BS153AJ,BS15
England,South Gloucestershire 028C,BS158JL,BS15
England,Bristol 027A,BS151LD,BS15
England,Bristol 027B,BS151DW,BS15
England,South Gloucestershire 026C,BS151RT,BS15
England,South Gloucestershire 028D,BS159QG,BS15
England,South Gloucestershire 031D,BS153LP,BS15
England,South Gloucestershire 026A,BS151XU,BS15
England,Bristol 032E,BS15SZ,BS15
England,Bristol 027D,BS158AJ,BS15
England,Bristol 027B,BS151HH,BS15
England,South Gloucestershire 027A,BS154TE,BS15
England,South Gloucestershire 028D,BS158PR,BS15
England,South Gloucestershire 031A,BS153EF,BS15
England,South Gloucestershire 027A,BS154JU,BS15
England,Bristol 027D,BS158AB,BS15
England,South Gloucestershire 028E,BS159UY,BS15
England,Bristol 021D,BS151NY,BS15
England,South Gloucestershire 027C,BS154EL,BS15
England,Bristol 032E,BS15XH,BS15
England,Bristol 018A,BS151PL,BS15
England,South Gloucestershire 031A,BS153EG,BS15
England,South Gloucestershire 028D,BS154AB,BS15
England,South Gloucestershire 028D,BS158LS,BS15
England,South Gloucestershire 031F,BS153TN,BS15
England,South Gloucestershire 027A,BS154LU,BS15
England,Bristol 021D,BS151PG,BS15
England,Bristol 028C,BS151EH,BS15
England,South Gloucestershire 025C,BS154TZ,BS15
England,South Gloucestershire 028A,BS153BS,BS15
England,South Gloucestershire 031A,BS153JF,BS15
England,Bristol 032C,BS15LS,BS15
England,South Gloucestershire 028E,BS159TX,BS15
England,South Gloucestershire 029D,BS159YQ,BS15
England,South Gloucestershire 031C,BS153JY,BS15
England,Bristol 032F,BS15LZ,BS15
England,South Gloucestershire 028E,BS159UQ,BS15
England,South Gloucestershire 031E,BS153PR,BS15
England,Bristol 032C,BS15LB,BS15
England,Bristol 021D,BS151NB,BS15
England,Bristol 032F,BS15HX,BS15
England,South Gloucestershire 026A,BS151UW,BS15
England,Bristol 027B,BS151BB,BS15
England,Bristol 018A,BS151QD,BS15
England,South Gloucestershire 027D,BS154HT,BS15
England,Bristol 028E,BS151BW,BS15
England,South Gloucestershire 028C,BS158BD,BS15
England,South Gloucestershire 029C,BS154NH,BS15
England,South Gloucestershire 031F,BS153NW,BS15
England,South Gloucestershire 028D,BS150EB,BS15
England,South Gloucestershire 026C,BS151SR,BS15
England,South Gloucestershire 031C,BS153JS,BS15
England,South Gloucestershire 031D,BS153PN,BS15
England,South Gloucestershire 025B,BS154XY,BS15
England,South Gloucestershire 028C,BS158PB,BS15
England,South Gloucestershire 031D,BS153JU,BS15
England,Bristol 027A,BS151HX,BS15
England,South Gloucestershire 028C,BS158BH,BS15
England,South Gloucestershire 028D,BS159TH,BS15
England,South Gloucestershire 027B,BS154EF,BS15
England,Bristol 027B,BS151DP,BS15
England,Bristol 027C,BS158AA,BS15
England,South Gloucestershire 031A,BS153ES,BS15
England,South Gloucestershire 028C,BS159QE,BS15
England,South Gloucestershire 028D,BS159TQ,BS15
England,South Gloucestershire 027C,BS154BB,BS15
England,South Gloucestershire 029F,BS159ZB,BS15
England,South Gloucestershire 026C,BS151RH,BS15
England,Bristol 032F,BS15JZ,BS15
England,Bristol 027A,BS151HY,BS15
England,South Gloucestershire 025C,BS154SN,BS15
England,South Gloucestershire 031C,BS153JL,BS15
England,South Gloucestershire 029F,BS159SU,BS15
England,South Gloucestershire 028B,BS158HB,BS15
England,South Gloucestershire 026B,BS151TR,BS15
England,South Gloucestershire 025B,BS154GY,BS15
England,South Gloucestershire 019F,BS154PA,BS15
England,South Gloucestershire 025A,BS154TA,BS15
England,Bristol 027B,BS151HF,BS15
England,South Gloucestershire 031A,BS153JG,BS15
England,South Gloucestershire 031F,BS153TQ,BS15
England,South Gloucestershire 031E,BS153PB,BS15
England,South Gloucestershire 028D,BS158JA,BS15
England,South Gloucestershire 031D,BS153LG,BS15
England,South Gloucestershire 025B,BS154SA,BS15
England,South Gloucestershire 029E,BS159WU,BS15
England,Bristol 032E,BS15PZ,BS15
England,Bristol 027A,BS158BX,BS15
England,South Gloucestershire 025B,BS154UF,BS15
England,Bristol 032F,BS15DG,BS15
England,South Gloucestershire 028B,BS158HN,BS15
England,Bristol 032C,BS15LH,BS15
England,Bristol 021B,BS151NS,BS15
England,South Gloucestershire 028A,BS153QL,BS15
England,South Gloucestershire 028C,BS158JZ,BS15
England,South Gloucestershire 031F,BS153TR,BS15
England,South Gloucestershire 031A,BS153DL,BS15
England,South Gloucestershire 028D,BS158JB,BS15
England,Bristol 033D,BS153AY,BS15
England,South Gloucestershire 029D,BS159YS,BS15
England,Bristol 018A,BS151QE,BS15
England,South Gloucestershire 027C,BS154AG,BS15
England,Bristol 032E,BS15UL,BS15
England,Bristol 027C,BS151DE,BS15
England,South Gloucestershire 027B,BS154RX,BS15
England,South Gloucestershire 027C,BS154HQ,BS15
England,South Gloucestershire 028D,BS150DR,BS15
England,South Gloucestershire 028D,BS150BZ,BS15
England,South Gloucestershire 027C,BS154AQ,BS15
England,Bristol 028E,BS151BT,BS15
England,South Gloucestershire 028E,BS159UU,BS15
England,South Gloucestershire 028B,BS158ET,BS15
England,South Gloucestershire 028D,BS159TL,BS15
England,South Gloucestershire 029D,BS159YJ,BS15
England,Bristol 027D,BS158AH,BS15
England,South Gloucestershire 032B,BS153GF,BS15
England,South Gloucestershire 019G,BS154PP,BS15
England,South Gloucestershire 025C,BS154PJ,BS15
England,South Gloucestershire 029D,BS159RA,BS15
England,Bristol 032F,BS15EH,BS15
England,South Gloucestershire 025A,BS154PZ,BS15
England,South Gloucestershire 026B,BS151PZ,BS15
England,South Gloucestershire 029E,BS159PJ,BS15
England,Bristol 027C,BS151BG,BS15
England,South Gloucestershire 025B,BS154SG,BS15
England,South Gloucestershire 031F,BS153TL,BS15
England,South Gloucestershire 027D,BS154JJ,BS15
England,South Gloucestershire 029E,BS159RR,BS15
England,Bristol 032F,BS15AA,BS15
England,South Gloucestershire 031E,BS153SF,BS15
England,South Gloucestershire 027A,BS154JW,BS15
England,Bristol 021D,BS151LT,BS15
England,South Gloucestershire 025B,BS154XD,BS15
England,South Gloucestershire 028C,BS158PX,BS15
England,South Gloucestershire 031B,BS158NX,BS15
England,South Gloucestershire 029F,BS159SR,BS15
England,Bristol 032E,BS15UG,BS15
England,Bristol 032E,BS15XJ,BS15
England,Bristol 033D,BS153NY,BS15
England,South Gloucestershire 029E,BS159LG,BS15
England,Bristol 027C,BS151DF,BS15
England,Bristol 032E,BS15QJ,BS15
England,South Gloucestershire 029E,BS159YD,BS15
England,South Gloucestershire 027C,BS154FX,BS15
England,South Gloucestershire 028D,BS159PU,BS15
England,South Gloucestershire 019G,BS154NS,BS15
England,South Gloucestershire 028A,BS153QR,BS15
England,South Gloucestershire 031D,BS153PZ,BS15
England,Bristol 032E,BS15NF,BS15
England,Bristol 032F,BS15TF,BS15
England,South Gloucestershire 026C,BS151SF,BS15
England,South Gloucestershire 028B,BS158EX,BS15
England,South Gloucestershire 026A,BS151XX,BS15
England,South Gloucestershire 026C,BS158LH,BS15
England,South Gloucestershire 028A,BS158DW,BS15
England,Bristol 032E,BS15PX,BS15
England,South Gloucestershire 028D,BS151EX,BS15
England,South Gloucestershire 026D,BS154XA,BS15
England,South Gloucestershire 028E,BS159UN,BS15
England,South Gloucestershire 029F,BS159RH,BS15
England,South Gloucestershire 027E,BS154TP,BS15
England,Bristol 032F,BS15TA,BS15
England,Bristol 032E,BS15TT,BS15
England,Bristol 027B,BS151HG,BS15
England,South Gloucestershire 027E,BS154QN,BS15
England,South Gloucestershire 027D,BS154LJ,BS15
England,Bristol 033D,BS153BB,BS15
England,South Gloucestershire 031E,BS153BW,BS15
England,Bristol 021D,BS151JG,BS15
England,South Gloucestershire 029D,BS159YL,BS15
England,Bristol 032F,BS15JR,BS15
England,South Gloucestershire 027C,BS154BQ,BS15
England,South Gloucestershire 027A,BS154RH,BS15
England,South Gloucestershire 028D,BS158PW,BS15
England,South Gloucestershire 031A,BS153EN,BS15
England,South Gloucestershire 031A,BS153DX,BS15
England,Bristol 027B,BS151ES,BS15
England,South Gloucestershire 031A,BS153AD,BS15
England,Bristol 018A,BS151LL,BS15
England,South Gloucestershire 026C,BS158LJ,BS15
England,South Gloucestershire 031D,BS153PP,BS15
England,South Gloucestershire 031A,BS153BJ,BS15
England,South Gloucestershire 029E,BS159ZG,BS15
England,South Gloucestershire 031D,BS153JT,BS15
England,Bristol 033D,BS153AU,BS15
England,Bristol 032F,BS15SU,BS15
England,South Gloucestershire 031F,BS153LJ,BS15
England,South Gloucestershire 031A,BS153ER,BS15
England,Bristol 027D,BS158AS,BS15
England,South Gloucestershire 031E,BS153SA,BS15
England,South Gloucestershire 027D,BS154JH,BS15
England,South Gloucestershire 029E,BS159TW,BS15
England,Bristol 018A,BS151LB,BS15
England,South Gloucestershire 031E,BS153PA,BS15
England,South Gloucestershire 026C,BS151RU,BS15
England,South Gloucestershire 029E,BS159WT,BS15
England,South Gloucestershire 028A,BS153SE,BS15
England,Bristol 027A,BS151JW,BS15
England,South Gloucestershire 028B,BS158HF,BS15
England,South Gloucestershire 026B,BS151TT,BS15
England,South Gloucestershire 031B,BS159NW,BS15
England,South Gloucestershire 028D,BS153SP,BS15
England,South Gloucestershire 028B,BS158EJ,BS15
England,Bristol 032E,BS15UR,BS15
England,South Gloucestershire 026A,BS151XR,BS15
England,South Gloucestershire 027E,BS154QG,BS15
England,Bristol 027A,BS151JR,BS15
England,Bristol 018A,BS151LP,BS15
England,South Gloucestershire 027A,BS159JB,BS15
England,Bristol 027C,BS151DB,BS15
England,Bristol 018A,BS151LJ,BS15
England,South Gloucestershire 028A,BS158DA,BS15
England,South Gloucestershire 027D,BS154JQ,BS15
England,Bristol 027C,BS158BA,BS15
England,South Gloucestershire 027C,BS154EN,BS15
England,South Gloucestershire 031C,BS153LB,BS15
England,South Gloucestershire 031E,BS153BN,BS15
England,Bristol 032F,BS15LL,BS15
England,Bristol 028E,BS158AX,BS15
England,South Gloucestershire 019G,BS154PE,BS15
England,Bristol 027C,BS151HD,BS15
England,South Gloucestershire 027C,BS154HL,BS15
England,South Gloucestershire 027C,BS151QU,BS15
England,Bristol 027C,BS151DS,BS15
England,Bristol 032F,BS15BL,BS15
England,South Gloucestershire 029E,BS159SW,BS15
England,South Gloucestershire 027E,BS154SD,BS15
England,South Gloucestershire 031C,BS153AR,BS15
England,South Gloucestershire 025C,BS154QU,BS15
England,South Gloucestershire 031B,BS153RY,BS15
England,South Gloucestershire 025C,BS154PH,BS15
England,South Gloucestershire 026C,BS151PW,BS15
England,South Gloucestershire 027B,BS154RU,BS15
England,South Gloucestershire 031E,BS153QA,BS15
England,Bristol 021D,BS151LY,BS15
England,South Gloucestershire 026B,BS151UF,BS15
England,Bristol 027A,BS151AQ,BS15
England,Bristol 018A,BS151LF,BS15
England,South Gloucestershire 025B,BS154UG,BS15
England,South Gloucestershire 031C,BS153HS,BS15
England,South Gloucestershire 027A,BS154LR,BS15
England,Bristol 032F,BS15DB,BS15
England,South Gloucestershire 027B,BS154EA,BS15
England,Bristol 027A,BS158BN,BS15
England,South Gloucestershire 028D,BS159QY,BS15
England,South Gloucestershire 029D,BS159XD,BS15
England,Bristol 028E,BS151BU,BS15
England,South Gloucestershire 027C,BS154BW,BS15
England,South Gloucestershire 026C,BS151RA,BS15
England,Bristol 021D,BS151NZ,BS15
England,South Gloucestershire 031C,BS153JQ,BS15
England,South Gloucestershire 028E,BS154EP,BS15
England,South Gloucestershire 032F,BS153HP,BS15
England,South Gloucestershire 025B,BS151XN,BS15
England,South Gloucestershire 026C,BS158LP,BS15
England,South Gloucestershire 028E,BS154EU,BS15
England,South Gloucestershire 026C,BS151RG,BS15
England,South Gloucestershire 027D,BS154JX,BS15
England,South Gloucestershire 031F,BS153LL,BS15
England,Bristol 027A,BS151AX,BS15
England,South Gloucestershire 028B,BS158EL,BS15
England,South Gloucestershire 025C,BS154PN,BS15
England,Bristol 032F,BS15WS,BS15
England,South Gloucestershire 025C,BS154TY,BS15
England,South Gloucestershire 031A,BS153AT,BS15
England,South Gloucestershire 027D,BS154JE,BS15
England,South Gloucestershire 027A,BS154QQ,BS15
England,Bristol 018A,BS151LR,BS15
England,South Gloucestershire 027D,BS154JG,BS15
England,Bristol 032F,BS15TX,BS15
England,South Gloucestershire 025A,BS154XW,BS15
England,Bristol 032E,BS15RR,BS15
England,Bristol 032E,BS15HL,BS15
England,South Gloucestershire 029D,BS159FG,BS15
England,South Gloucestershire 031C,BS153AQ,BS15
England,Bristol 032C,BS15PJ,BS15
England,South Gloucestershire 019G,BS154PB,BS15
England,South Gloucestershire 027B,BS154TF,BS15
England,South Gloucestershire 031E,BS153RD,BS15
England,South Gloucestershire 019G,BS154NQ,BS15
England,South Gloucestershire 031A,BS153BQ,BS15
England,Bristol 032F,BS15SP,BS15
England,South Gloucestershire 031A,BS153RF,BS15
England,South Gloucestershire 027A,BS154RA,BS15
England,South Gloucestershire 029D,BS159UH,BS15
England,South Gloucestershire 031F,BS153TE,BS15
England,South Gloucestershire 026B,BS151XG,BS15
England,Bristol 018A,BS151QF,BS15
England,Bristol 032F,BS15HH,BS15
England,Bristol 021D,BS151ST,BS15
England,South Gloucestershire 028C,BS158JN,BS15
England,South Gloucestershire 026C,BS151PF,BS15
England,South Gloucestershire 026B,BS151PU,BS15
England,South Gloucestershire 025B,BS154UD,BS15
England,South Gloucestershire 028A,BS153BT,BS15
England,South Gloucestershire 026B,BS151XJ,BS15
England,South Gloucestershire 031E,BS153HL,BS15
England,South Gloucestershire 031E,BS153HY,BS15
England,Bristol 032F,BS15BY,BS15
England,South Gloucestershire 028B,BS158DJ,BS15
England,South Gloucestershire 026C,BS151SJ,BS15
England,Bristol 032F,BS15DD,BS15
England,South Gloucestershire 027B,BS154EE,BS15
England,Bristol 032E,BS15TY,BS15
England,South Gloucestershire 031A,BS153EL,BS15
England,Bristol 032F,BS15BF,BS15
England,Bristol 021D,BS151PH,BS15
England,South Gloucestershire 026A,BS151UD,BS15
England,South Gloucestershire 028B,BS158EH,BS15
England,South Gloucestershire 031E,BS159NG,BS15
England,South Gloucestershire 028C,BS158JJ,BS15
England,South Gloucestershire 031C,BS153EP,BS15
England,South Gloucestershire 031B,BS159NT,BS15
England,South Gloucestershire 031F,BS153NJ,BS15
England,South Gloucestershire 027A,BS154JN,BS15
England,Bristol 027A,BS151SB,BS15
England,South Gloucestershire 027C,BS154BA,BS15
England,Bristol 032E,BS15JW,BS15
England,Bristol 032C,BS15AL,BS15
England,Bristol 032E,BS15UE,BS15
England,Bristol 027A,BS158EB,BS15
England,South Gloucestershire 029F,BS159RD,BS15
England,South Gloucestershire 025B,BS154UQ,BS15
England,South Gloucestershire 031D,BS153LQ,BS15
England,Bristol 018A,BS151PA,BS15
England,South Gloucestershire 025C,BS154NR,BS15
England,Bristol 027C,BS158BF,BS15
England,Bristol 027A,BS158BP,BS15
England,South Gloucestershire 028C,BS158EF,BS15
England,South Gloucestershire 028D,BS158LE,BS15
England,Bristol 032E,BS15UA,BS15
England,South Gloucestershire 031B,BS158FX,BS15
England,Bristol 027C,BS151HR,BS15
England,South Gloucestershire 029E,BS159GF,BS15
England,South Gloucestershire 027A,BS154LY,BS15
England,Bristol 032C,BS15LD,BS15
England,South Gloucestershire 026A,BS151QS,BS15
England,South Gloucestershire 031C,BS153JJ,BS15
England,South Gloucestershire 031C,BS153AS,BS15
England,Bristol 032C,BS15BQ,BS15
England,South Gloucestershire 031B,BS159NH,BS15
England,Bristol 032C,BS15BJ,BS15
England,South Gloucestershire 026B,BS151PR,BS15
England,South Gloucestershire 031F,BS153NG,BS15
England,South Gloucestershire 031F,BS153TP,BS15
England,Bristol 032F,BS15DX,BS15
England,South Gloucestershire 031D,BS153PY,BS15
England,South Gloucestershire 027D,BS154HR,BS15
England,South Gloucestershire 026C,BS154FG,BS15
England,South Gloucestershire 028D,BS158LZ,BS15
England,South Gloucestershire 029F,BS159QH,BS15
England,South Gloucestershire 025C,BS154TX,BS15
England,South Gloucestershire 028E,BS159TZ,BS15
England,South Gloucestershire 029D,BS159YW,BS15
England,Bristol 028E,BS151BX,BS15
England,South Gloucestershire 026C,BS151RS,BS15
England,Bristol 032F,BS15LF,BS15
England,South Gloucestershire 028C,BS158RA,BS15
England,Bristol 021D,BS151NF,BS15
England,South Gloucestershire 025C,BS154SL,BS15
England,Bristol 032E,BS15TP,BS15
England,South Gloucestershire 026C,BS151TP,BS15
England,South Gloucestershire 028A,BS158SE,BS15
England,Bristol 027B,BS151DN,BS15
England,South Gloucestershire 026C,BS151RL,BS15
England,Bristol 027C,BS151BJ,BS15
England,South Gloucestershire 027A,BS159JS,BS15
England,South Gloucestershire 028D,BS150DS,BS15
England,South Gloucestershire 028C,BS159PZ,BS15
England,South Gloucestershire 029D,BS159RZ,BS15
England,South Gloucestershire 025B,BS154XL,BS15
England,South Gloucestershire 026A,BS151TY,BS15
England,South Gloucestershire 031E,BS153SD,BS15
England,Bristol 021B,BS151NU,BS15
England,South Gloucestershire 031F,BS153NR,BS15
England,South Gloucestershire 029E,BS159RS,BS15
England,South Gloucestershire 031A,BS153FF,BS15
England,Bristol 027D,BS158AL,BS15
England,South Gloucestershire 025B,BS154TT,BS15
England,Bristol 027C,BS151BY,BS15
England,South Gloucestershire 027B,BS154DT,BS15
England,Bristol 032E,BS15NR,BS15
England,South Gloucestershire 028C,BS158BL,BS15
England,Bristol 032F,BS15DE,BS15
England,South Gloucestershire 029E,BS159SJ,BS15
England,South Gloucestershire 029E,BS159ZE,BS15
England,South Gloucestershire 028C,BS158JR,BS15
England,South Gloucestershire 029C,BS154NJ,BS15
England,South Gloucestershire 028E,BS159TU,BS15
England,Bristol 032C,BS15JU,BS15
England,South Gloucestershire 029D,BS154EX,BS15
England,South Gloucestershire 028B,BS158EY,BS15
England,South Gloucestershire 028A,BS158DU,BS15
England,Bristol 027A,BS151HW,BS15
England,South Gloucestershire 027C,BS154ET,BS15
England,Bristol 027B,BS151HL,BS15
England,South Gloucestershire 025A,BS154FW,BS15
England,South Gloucestershire 027D,BS154LP,BS15
England,South Gloucestershire 031A,BS153HB,BS15
England,Bristol 027B,BS151EL,BS15
England,Bristol 018A,BS151JZ,BS15
England,South Gloucestershire 029F,BS159QL,BS15
England,Bristol 028C,BS151EG,BS15
England,South Gloucestershire 029D,BS159YH,BS15
England,South Gloucestershire 028B,BS158NT,BS15
England,Bristol 032B,BS15AX,BS15
England,Bristol 021D,BS151EY,BS15
England,South Gloucestershire 029F,BS159RW,BS15
England,Bristol 027A,BS151AP,BS15
England,South Gloucestershire 027D,BS154HB,BS15
England,South Gloucestershire 031B,BS159NU,BS15
England,South Gloucestershire 025A,BS154PY,BS15
England,South Gloucestershire 025C,BS154SR,BS15
England,Bristol 032C,BS15LE,BS15
England,South Gloucestershire 027A,BS154LD,BS15
England,South Gloucestershire 025B,BS154TD,BS15
England,South Gloucestershire 028E,BS159RF,BS15
England,South Gloucestershire 029F,BS159SN,BS15
England,Bristol 027D,BS158AT,BS15
England,South Gloucestershire 029E,BS159GG,BS15
England,Bristol 027D,BS158HL,BS15
England,South Gloucestershire 028D,BS158WZ,BS15
England,South Gloucestershire 028C,BS158ND,BS15
England,South Gloucestershire 031C,BS153JD,BS15
England,South Gloucestershire 026B,BS151XA,BS15
England,Bristol 028E,BS158AU,BS15
England,South Gloucestershire 027B,BS154RL,BS15
England,Bristol 018A,BS151QG,BS15
England,South Gloucestershire 031C,BS153LA,BS15
England,South Gloucestershire 029C,BS154NF,BS15
England,Bristol 032F,BS15SH,BS15
England,South Gloucestershire 027C,BS154HG,BS15
England,South Gloucestershire 027B,BS154DP,BS15
England,South Gloucestershire 028C,BS158RB,BS15
England,South Gloucestershire 029D,BS159UR,BS15
England,Bristol 018A,BS151QJ,BS15
England,South Gloucestershire 026B,BS151PX,BS15
England,Bristol 027C,BS151AY,BS15
England,South Gloucestershire 026C,BS151SU,BS15
England,Bristol 027C,BS158BY,BS15
England,South Gloucestershire 028B,BS158HG,BS15
England,South Gloucestershire 028B,BS158DQ,BS15
England,South Gloucestershire 028D,BS150DP,BS15
England,South Gloucestershire 031A,BS153JA,BS15
England,Bristol 032E,BS15UT,BS15
England,Bristol 028E,BS158AY,BS15
England,South Gloucestershire 031C,BS153AF,BS15
England,South Gloucestershire 028B,BS158EN,BS15
England,South Gloucestershire 027C,BS154AD,BS15
England,South Gloucestershire 027B,BS154DQ,BS15
England,South Gloucestershire 031A,BS153EY,BS15
England,South Gloucestershire 028D,BS158PT,BS15
England,South Gloucestershire 027E,BS154TW,BS15
England,South Gloucestershire 028C,BS158NS,BS15
England,South Gloucestershire 031F,BS153JZ,BS15
England,South Gloucestershire 028D,BS150ZZ,BS15
England,Bristol 027B,BS151ED,BS15
England,Bristol 027C,BS151DQ,BS15
England,South Gloucestershire 028D,BS159QF,BS15
England,South Gloucestershire 026C,BS151PN,BS15
England,Bristol 032B,BS15LR,BS15
England,South Gloucestershire 028D,BS159HS,BS15
England,South Gloucestershire 028B,BS158EW,BS15
England,Bristol 027A,BS151HS,BS15
England,Bristol 027C,BS151DG,BS15
England,South Gloucestershire 031A,BS153PL,BS15
England,South Gloucestershire 028C,BS158JY,BS15
England,South Gloucestershire 027E,BS154QL,BS15
England,South Gloucestershire 028E,BS159UX,BS15
England,South Gloucestershire 027E,BS154QR,BS15
England,South Gloucestershire 025C,BS154SH,BS15
England,South Gloucestershire 031A,BS153HE,BS15
England,South Gloucestershire 031D,BS153LD,BS15
England,South Gloucestershire 019G,BS154PD,BS15
England,South Gloucestershire 031F,BS153FN,BS15
England,Bristol 027C,BS158AF,BS15
England,South Gloucestershire 019G,BS154NP,BS15
England,South Gloucestershire 028D,BS158HT,BS15
England,South Gloucestershire 031F,BS153TF,BS15
England,South Gloucestershire 029F,BS159TE,BS15
England,South Gloucestershire 028A,BS153QJ,BS15
England,South Gloucestershire 027A,BS154SX,BS15
England,South Gloucestershire 025A,BS154XU,BS15
England,South Gloucestershire 028D,BS159QU,BS15
England,South Gloucestershire 028C,BS158JF,BS15
England,South Gloucestershire 027A,BS154EZ,BS15
England,South Gloucestershire 031A,BS153AA,BS15
England,South Gloucestershire 031F,BS153NA,BS15
England,South Gloucestershire 026B,BS151UH,BS15
England,South Gloucestershire 019G,BS154NT,BS15
England,South Gloucestershire 031D,BS153LZ,BS15
England,South Gloucestershire 027A,BS154QY,BS15
England,South Gloucestershire 027C,BS159WA,BS15
England,Bristol 027C,BS151BD,BS15
England,South Gloucestershire 029E,BS159QX,BS15
England,Bristol 027A,BS151JS,BS15
England,Bristol 027B,BS151EA,BS15
England,South Gloucestershire 028A,BS158HH,BS15
England,South Gloucestershire 027B,BS154RW,BS15
England,South Gloucestershire 027E,BS154QE,BS15
England,South Gloucestershire 028D,BS158PP,BS15
England,Bristol 021D,BS151WW,BS15
England,South Gloucestershire 029D,BS159XE,BS15
England,South Gloucestershire 032E,BS153NT,BS15
England,South Gloucestershire 029F,BS159WS,BS15
England,Bristol 027A,BS151AS,BS15
England,South Gloucestershire 029E,BS159GB,BS15
England,Bristol 027C,BS158FF,BS15
England,South Gloucestershire 027D,BS154LX,BS15
England,South Gloucestershire 027D,BS154LQ,BS15
England,South Gloucestershire 025C,BS154SP,BS15
England,Bristol 032E,BS15PP,BS15
England,South Gloucestershire 029E,BS159RT,BS15
England,Bristol 028E,BS158AZ,BS15
England,South Gloucestershire 028D,BS154AW,BS15
England,Bristol 021D,BS151LQ,BS15
England,South Gloucestershire 028C,BS158JP,BS15
England,South Gloucestershire 031B,BS153PJ,BS15
England,South Gloucestershire 031D,BS153LF,BS15
England,South Gloucestershire 026C,BS151JH,BS15
England,Bristol 027A,BS151HU,BS15
England,South Gloucestershire 027A,BS154SZ,BS15
England,South Gloucestershire 027E,BS154TL,BS15
England,South Gloucestershire 028B,BS158NL,BS15
England,South Gloucestershire 031A,BS153EE,BS15
England,Bristol 027C,BS151DA,BS15
England,South Gloucestershire 029D,BS159YP,BS15
England,Bristol 033D,BS153AX,BS15
England,South Gloucestershire 028E,BS159TS,BS15
England,South Gloucestershire 031E,BS153SH,BS15
England,South Gloucestershire 031A,BS153HA,BS15
England,South Gloucestershire 031C,BS153AW,BS15
England,South Gloucestershire 027B,BS154TB,BS15
England,South Gloucestershire 029E,BS159SH,BS15
England,Bristol 027B,BS151DY,BS15
England,South Gloucestershire 026C,BS151TJ,BS15
England,Bristol 032F,BS15HD,BS15
England,South Gloucestershire 026C,BS151RY,BS15
England,South Gloucestershire 025B,BS154TR,BS15
England,South Gloucestershire 031E,BS153BF,BS15
England,Bristol 032E,BS15US,BS15
England,South Gloucestershire 028E,BS154ES,BS15
England,South Gloucestershire 031F,BS153TW,BS15
England,Bristol 021D,BS151NP,BS15
England,South Gloucestershire 027B,BS154DB,BS15
England,Bristol 032F,BS15TE,BS15
England,South Gloucestershire 025B,BS154XH,BS15
England,South Gloucestershire 028E,BS159UL,BS15
England,South Gloucestershire 027B,BS154DR,BS15
England,South Gloucestershire 031A,BS153DJ,BS15
England,South Gloucestershire 027C,BS154HH,BS15
England,Bristol 027C,BS151HB,BS15
England,South Gloucestershire 025A,BS154XG,BS15
England,South Gloucestershire 028B,BS158ER,BS15
England,South Gloucestershire 027D,BS154LH,BS15
England,South Gloucestershire 025C,BS154ST,BS15
England,South Gloucestershire 028A,BS153QP,BS15
England,Bristol 032C,BS15PB,BS15
England,Bristol 032E,BS15UU,BS15
England,South Gloucestershire 028D,BS150DN,BS15
England,Bristol 032F,BS15DP,BS15
England,Bristol 032B,BS15AN,BS15
England,South Gloucestershire 031C,BS153BG,BS15
England,South Gloucestershire 027D,BS154DW,BS15
England,South Gloucestershire 026B,BS151TW,BS15
England,Bristol 021D,BS151LU,BS15
England,South Gloucestershire 031A,BS153EW,BS15
England,South Gloucestershire 028D,BS158FJ,BS15
England,Bristol 032F,BS15SA,BS15
England,South Gloucestershire 031C,BS153HU,BS15
England,South Gloucestershire 027A,BS154RT,BS15
England,South Gloucestershire 031F,BS153PX,BS15
England,Bristol 032B,BS15BA,BS15
England,South Gloucestershire 028E,BS159SB,BS15
England,South Gloucestershire 026B,BS151XD,BS15
England,Bristol 021D,BS151NJ,BS15
England,South Gloucestershire 031F,BS153TD,BS15
England,South Gloucestershire 026A,BS151XT,BS15
England,South Gloucestershire 031A,BS153DS,BS15
England,South Gloucestershire 028A,BS158PA,BS15
England,South Gloucestershire 027D,BS154LF,BS15
England,South Gloucestershire 026B,BS151XH,BS15
England,South Gloucestershire 027D,BS154HW,BS15
England,South Gloucestershire 031C,BS153JE,BS15
England,Bristol 021D,BS151LA,BS15
England,South Gloucestershire 025C,BS154PL,BS15
England,South Gloucestershire 031B,BS159LA,BS15
England,South Gloucestershire 025A,BS154XR,BS15
England,South Gloucestershire 027C,BS154HJ,BS15
England,South Gloucestershire 027D,BS154LB,BS15
England,South Gloucestershire 031A,BS153DR,BS15
England,South Gloucestershire 029F,BS159PA,BS15
England,Bristol 021D,BS151NN,BS15
England,Bristol 027D,BS158AN,BS15
England,South Gloucestershire 029E,BS159PG,BS15
England,South Gloucestershire 028C,BS158NH,BS15
England,South Gloucestershire 028B,BS158EZ,BS15
England,Bristol 021D,BS151NE,BS15
England,Bristol 027C,BS151BQ,BS15
England,Bristol 032F,BS15DQ,BS15
England,South Gloucestershire 025C,BS154PG,BS15
England,Bristol 027A,BS151RZ,BS15
England,South Gloucestershire 026A,BS151QR,BS15
England,Bristol 032C,BS15JA,BS15
England,Bristol 021D,BS151NH,BS15
England,South Gloucestershire 031F,BS153TG,BS15
England,South Gloucestershire 028D,BS150ED,BS15
England,Bristol 032C,BS15PW,BS15
England,South Gloucestershire 028C,BS158DG,BS15
England,South Gloucestershire 028D,BS158PH,BS15
England,South Gloucestershire 031A,BS158SH,BS15
England,South Gloucestershire 025B,BS154XB,BS15
England,South Gloucestershire 025C,BS154FN,BS15
England,South Gloucestershire 027D,BS154HN,BS15
England,South Gloucestershire 027B,BS154DU,BS15
England,South Gloucestershire 026B,BS151UG,BS15
England,South Gloucestershire 031E,BS153HN,BS15
England,Bristol 027A,BS151JY,BS15
England,South Gloucestershire 025B,BS154SB,BS15
England,South Gloucestershire 027D,BS154HZ,BS15
England,Bristol 021D,BS151NQ,BS15
England,South Gloucestershire 027D,BS154DH,BS15
England,South Gloucestershire 031C,BS153AG,BS15
England,Bristol 032F,BS15SY,BS15
England,Bristol 027A,BS151AH,BS15
England,Bristol 032B,BS15AP,BS15
England,Bristol 032C,BS15BB,BS15
England,South Gloucestershire 031D,BS153LW,BS15
England,South Gloucestershire 028A,BS153QT,BS15
England,South Gloucestershire 028D,BS158LX,BS15
England,South Gloucestershire 025A,BS154FL,BS15
England,Bristol 021D,BS151LX,BS15
England,Bristol 028E,BS151BP,BS15
England,South Gloucestershire 031F,BS153FP,BS15
England,South Gloucestershire 027E,BS154QP,BS15
England,South Gloucestershire 031E,BS153SG,BS15
England,Bristol 021D,BS151PQ,BS15
England,South Gloucestershire 031A,BS153PE,BS15
England,South Gloucestershire 028D,BS150DY,BS15
England,South Gloucestershire 025A,BS154PW,BS15
England,Bristol 018A,BS151QL,BS15
England,South Gloucestershire 031E,BS153SJ,BS15
England,Bristol 032F,BS15NA,BS15
England,South Gloucestershire 031A,BS153DW,BS15
England,South Gloucestershire 031B,BS153BU,BS15
England,South Gloucestershire 025B,BS154SF,BS15
England,Bristol 027C,BS151AT,BS15
England,South Gloucestershire 026B,BS151PT,BS15
England,South Gloucestershire 027B,BS154DX,BS15
England,South Gloucestershire 025C,BS154SQ,BS15
England,Bristol 032C,BS15LX,BS15
England,South Gloucestershire 029E,BS159WY,BS15
England,South Gloucestershire 027C,BS154EQ,BS15
England,South Gloucestershire 028C,BS158HJ,BS15
England,South Gloucestershire 031F,BS153TB,BS15
England,South Gloucestershire 027B,BS154RP,BS15
England,Bristol 032C,BS15JY,BS15
England,Bristol 021D,BS151ER,BS15
England,Bristol 027A,BS151JT,BS15
England,Bristol 032C,BS15HR,BS15
England,South Gloucestershire 026A,BS151UP,BS15
England,South Gloucestershire 028D,BS150DA,BS15
England,Bristol 032C,BS15LT,BS15
England,South Gloucestershire 026C,BS151TD,BS15
England,South Gloucestershire 031B,BS159NR,BS15
England,Bristol 021D,BS151EW,BS15
England,South Gloucestershire 031F,BS153FL,BS15
England,South Gloucestershire 019G,BS154LS,BS15
England,Bristol 027C,BS151DD,BS15
England,Bristol 032E,BS15QR,BS15
England,South Gloucestershire 027A,BS154JT,BS15
England,South Gloucestershire 028E,BS154AP,BS15
England,South Gloucestershire 028C,BS158NN,BS15
England,South Gloucestershire 027D,BS154HU,BS15
England,Bristol 032E,BS15AS,BS15
England,South Gloucestershire 029D,BS159UP,BS15
England,Bristol 021D,BS151EN,BS15
England,South Gloucestershire 025B,BS154XF,BS15
England,South Gloucestershire 026C,BS158LA,BS15
England,South Gloucestershire 027A,BS159JA,BS15
England,South Gloucestershire 029D,BS159UG,BS15
England,South Gloucestershire 026C,BS151SE,BS15
England,South Gloucestershire 026C,BS151JJ,BS15
England,South Gloucestershire 031D,BS153LE,BS15
England,South Gloucestershire 028D,BS159AE,BS15
England,Bristol 018A,BS151QH,BS15
England,South Gloucestershire 027A,BS154SY,BS15
England,South Gloucestershire 031F,BS153FR,BS15
England,South Gloucestershire 032E,BS153NS,BS15
England,Bristol 033D,BS153BA,BS15
England,South Gloucestershire 026C,BS151RR,BS15
England,South Gloucestershire 028D,BS150DW,BS15
England,Bristol 021D,BS151LE,BS15
England,Bristol 032C,BS15LU,BS15
England,South Gloucestershire 031B,BS153QU,BS15
England,South Gloucestershire 027B,BS154EG,BS15
England,South Gloucestershire 025B,BS154TU,BS15
England,South Gloucestershire 026C,BS154AA,BS15
England,Bristol 027A,BS158BE,BS15
England,Bristol 027A,BS158FG,BS15
England,South Gloucestershire 031A,BS153QB,BS15
England,South Gloucestershire 028A,BS153QH,BS15
England,South Gloucestershire 027B,BS154RJ,BS15
England,South Gloucestershire 028A,BS158SA,BS15
England,South Gloucestershire 031E,BS153SN,BS15
England,South Gloucestershire 028D,BS159AD,BS15
England,South Gloucestershire 029F,BS159ZF,BS15
