Country_Name,Lower_Super_Output_Area_Name,pcd_comp,Split_by
England,Norwich 003A,NR34AB,NR34
England,Waveney 013D,NR348NQ,NR34
England,Waveney 014D,NR347LT,NR34
England,Waveney 014D,NR347NL,NR34
England,Norwich 001E,NR34HD,NR34
England,Waveney 010C,NR349AP,NR34
England,Waveney 011C,NR347AQ,NR34
England,Waveney 010C,NR349AT,NR34
England,Waveney 011B,NR348LW,NR34
England,Waveney 011E,NR347RX,NR34
England,Waveney 011B,NR348LS,NR34
England,Waveney 011B,NR348JU,NR34
England,Norwich 003B,NR34JX,NR34
England,Waveney 014D,NR347LB,NR34
England,Waveney 011B,NR347TS,NR34
England,Waveney 010A,NR349SE,NR34
England,Broadland 012D,NR34DR,NR34
England,Waveney 014D,NR347LU,NR34
England,Waveney 011B,NR348DL,NR34
England,Norwich 003F,NR34LB,NR34
England,Waveney 014D,NR348DT,NR34
England,Waveney 011B,NR348JW,NR34
England,Waveney 015A,NR348AD,NR34
England,Waveney 011D,NR347PJ,NR34
England,Waveney 014D,NR347HH,NR34
England,Waveney 011C,NR347AN,NR34
England,South Norfolk 010C,NR340EL,NR34
England,South Norfolk 010A,NR340HW,NR34
England,Waveney 010B,NR349YH,NR34
England,Norwich 003F,NR34AG,NR34
England,Waveney 010C,NR349QB,NR34
England,Waveney 014D,NR348DY,NR34
England,Waveney 014D,NR347BP,NR34
England,Waveney 011D,NR347SE,NR34
England,Waveney 010C,NR349BT,NR34
England,South Norfolk 010C,NR340BJ,NR34
England,Waveney 011B,NR348LD,NR34
England,South Norfolk 010A,NR340LB,NR34
England,Waveney 011E,NR347DP,NR34
England,Waveney 011D,NR347TH,NR34
England,Waveney 011B,NR347TR,NR34
England,Waveney 010E,NR349HN,NR34
England,Waveney 011D,NR347PQ,NR34
England,Waveney 014D,NR348DG,NR34
England,Waveney 010C,NR349QS,NR34
England,Waveney 010C,NR349BE,NR34
England,Norwich 003D,NR34TN,NR34
England,Waveney 010C,NR349TB,NR34
England,Waveney 011E,NR347ED,NR34
England,Waveney 011A,NR349UU,NR34
England,Waveney 010E,NR348TP,NR34
England,Waveney 011B,NR348PB,NR34
England,Waveney 010B,NR349NT,NR34
England,Waveney 010B,NR349PP,NR34
England,Waveney 010D,NR349JJ,NR34
England,Waveney 010B,NR349PH,NR34
England,Waveney 010C,NR349EJ,NR34
England,Waveney 011E,NR347SD,NR34
England,Waveney 014D,NR348EF,NR34
England,Waveney 011B,NR348NT,NR34
England,Waveney 010B,NR349TP,NR34
England,Waveney 011A,NR349PU,NR34
England,Norwich 003D,NR34RU,NR34
England,Norwich 003B,NR34LE,NR34
England,Waveney 011D,NR347SN,NR34
England,South Norfolk 010C,NR340BE,NR34
England,Waveney 015A,NR348AH,NR34
England,Waveney 011C,NR347DW,NR34
England,Waveney 010A,NR349SS,NR34
England,Waveney 014D,NR347LD,NR34
England,South Norfolk 010A,NR340PA,NR34
England,Waveney 014D,NR347ND,NR34
England,Waveney 011C,NR347EL,NR34
England,Waveney 014D,NR347NG,NR34
England,South Norfolk 010C,NR340AH,NR34
England,Norwich 003D,NR34RY,NR34
England,Waveney 011E,NR347EF,NR34
England,Waveney 014D,NR348DX,NR34
England,South Norfolk 010A,NR340LS,NR34
England,Waveney 011D,NR347QS,NR34
England,Waveney 014D,NR347LF,NR34
England,Waveney 011B,NR348DE,NR34
England,Waveney 011D,NR347RH,NR34
England,Waveney 010D,NR349LG,NR34
England,Waveney 011B,NR348DF,NR34
England,Waveney 011C,NR347BB,NR34
England,Waveney 010A,NR347DQ,NR34
England,South Norfolk 010C,NR340ES,NR34
England,Waveney 010C,NR349DH,NR34
England,Waveney 010C,NR340WA,NR34
England,Waveney 010C,NR349DT,NR34
England,Waveney 011B,NR347TX,NR34
England,Waveney 013D,NR348NS,NR34
England,Waveney 011B,NR348HG,NR34
England,South Norfolk 010A,NR340AQ,NR34
England,South Norfolk 010C,NR340BT,NR34
England,Waveney 010C,NR349BZ,NR34
England,Waveney 010C,NR349TX,NR34
England,Norwich 003D,NR34RE,NR34
England,South Norfolk 010B,NR340HJ,NR34
England,Norwich 003F,NR34AQ,NR34
England,Waveney 011A,NR349EN,NR34
England,Waveney 010B,NR349UA,NR34
England,Waveney 010B,NR349PA,NR34
England,Norwich 003B,NR34SF,NR34
England,Norwich 003B,NR34JS,NR34
England,Waveney 011C,NR347RN,NR34
England,Waveney 014D,NR347UF,NR34
England,Waveney 014D,NR347HB,NR34
England,Waveney 014D,NR347JJ,NR34
England,Waveney 010D,NR349XT,NR34
England,South Norfolk 010A,NR340AE,NR34
England,Waveney 011D,NR347RP,NR34
England,Waveney 010C,NR349DQ,NR34
England,Waveney 010E,NR349XQ,NR34
England,Norwich 001F,NR34DT,NR34
England,Norwich 001F,NR34AD,NR34
England,Waveney 014D,NR347JN,NR34
England,Waveney 011B,NR347XF,NR34
England,South Norfolk 010C,NR340BL,NR34
England,Waveney 013D,NR348NU,NR34
England,Waveney 015A,NR347HY,NR34
England,Waveney 010E,NR349XG,NR34
England,Waveney 011D,NR347BW,NR34
England,Waveney 010D,NR347AU,NR34
England,Waveney 010B,NR349UD,NR34
England,Norwich 003E,NR34QD,NR34
England,South Norfolk 010C,NR340EJ,NR34
England,Waveney 010A,NR347DG,NR34
England,Waveney 011E,NR347PE,NR34
England,Waveney 011A,NR349HX,NR34
England,Waveney 014D,NR347LW,NR34
England,Waveney 011E,NR347SQ,NR34
England,South Norfolk 010C,NR340BD,NR34
England,South Norfolk 010A,NR340LX,NR34
England,Waveney 010E,NR348TS,NR34
England,Waveney 010A,NR349JD,NR34
England,Norwich 003D,NR34TW,NR34
England,Waveney 011D,NR347PW,NR34
England,Waveney 010C,NR349BL,NR34
England,Waveney 014D,NR347UQ,NR34
England,Waveney 010E,NR349XE,NR34
England,Norwich 003B,NR34BD,NR34
England,Waveney 010C,NR349TN,NR34
England,South Norfolk 010C,NR340JW,NR34
England,Waveney 010C,NR349EF,NR34
England,Waveney 011D,NR347PU,NR34
England,Waveney 010E,NR349XY,NR34
England,Waveney 015A,NR348RN,NR34
England,Norwich 003B,NR34AZ,NR34
England,Waveney 010D,NR347AB,NR34
England,Waveney 015A,NR348RG,NR34
England,Waveney 014D,NR348ER,NR34
England,Waveney 011B,NR348LU,NR34
England,Waveney 011A,NR349JW,NR34
England,Waveney 011B,NR347NJ,NR34
England,Waveney 010B,NR349NQ,NR34
England,Norwich 003D,NR34SB,NR34
England,Waveney 014D,NR347HJ,NR34
England,Waveney 010D,NR349JH,NR34
England,Norwich 003F,NR34AF,NR34
England,South Norfolk 010C,NR340AN,NR34
England,Waveney 010B,NR349PL,NR34
England,Waveney 011A,NR349UR,NR34
England,Waveney 011A,NR349LT,NR34
England,Norwich 003D,NR34ST,NR34
England,Waveney 011C,NR347BT,NR34
England,Waveney 011A,NR349JY,NR34
England,Waveney 014D,NR347EZ,NR34
England,Waveney 011B,NR347UD,NR34
England,Waveney 010B,NR349BS,NR34
England,Norwich 003A,NR34SL,NR34
England,Waveney 011B,NR348TG,NR34
England,Waveney 013D,NR348NL,NR34
England,Waveney 014D,NR347JR,NR34
England,South Norfolk 010C,NR340AJ,NR34
England,Waveney 011B,NR347XH,NR34
England,Norwich 001F,NR34EH,NR34
England,Waveney 014D,NR347JD,NR34
England,Waveney 015A,NR348RF,NR34
England,Norwich 003B,NR34JQ,NR34
England,Waveney 011A,NR349JP,NR34
England,Norwich 001E,NR34HH,NR34
England,Waveney 011A,NR347BE,NR34
England,South Norfolk 010C,NR340AZ,NR34
England,Norwich 001F,NR34EE,NR34
England,Waveney 010C,NR344AF,NR34
England,Waveney 014D,NR347JB,NR34
England,Waveney 010E,NR349XB,NR34
England,Waveney 011D,NR347QE,NR34
England,South Norfolk 010C,NR340RA,NR34
England,Waveney 011E,NR347SB,NR34
England,Waveney 010B,NR348LL,NR34
England,Waveney 010B,NR349PW,NR34
England,Waveney 014D,NR347HE,NR34
England,Waveney 011B,NR347TQ,NR34
England,Norwich 003E,NR34QE,NR34
England,Waveney 010B,NR349AN,NR34
England,Waveney 014D,NR348ET,NR34
England,Norwich 003B,NR34HN,NR34
England,Waveney 014D,NR347LP,NR34
England,Waveney 011B,NR347UH,NR34
England,Waveney 014D,NR348BT,NR34
England,Waveney 014D,NR347HZ,NR34
England,Waveney 013D,NR348JL,NR34
England,Waveney 011E,NR347EB,NR34
England,Waveney 010E,NR349YD,NR34
England,Norwich 003B,NR34JE,NR34
England,Norwich 001E,NR34DQ,NR34
England,South Norfolk 010A,NR340LW,NR34
England,Waveney 011B,NR347XG,NR34
England,Norwich 001E,NR34DB,NR34
England,Waveney 010C,NR349DD,NR34
England,Norwich 001F,NR34SH,NR34
England,Waveney 011B,NR348LX,NR34
England,Waveney 010E,NR349XU,NR34
England,Norwich 001E,NR34DH,NR34
England,Waveney 010C,NR349AU,NR34
England,South Norfolk 010A,NR340HQ,NR34
England,Norwich 001E,NR34BZ,NR34
England,South Norfolk 010A,NR340HF,NR34
England,Norwich 003A,NR34TF,NR34
England,Waveney 014D,NR347NP,NR34
England,South Norfolk 010C,NR340AB,NR34
England,Suffolk Coastal 001B,NR348AW,NR34
England,Waveney 014D,NR347HN,NR34
England,Waveney 011B,NR347TP,NR34
England,Waveney 011B,NR347UY,NR34
England,Norwich 003A,NR34SP,NR34
England,Waveney 011B,NR348LP,NR34
England,Waveney 014D,NR347JA,NR34
England,Waveney 010C,NR349TT,NR34
England,Waveney 010A,NR347EJ,NR34
England,Waveney 011B,NR347UP,NR34
England,Waveney 010C,NR349DS,NR34
England,Waveney 015A,NR348AF,NR34
England,South Norfolk 010C,NR340EW,NR34
England,Waveney 011C,NR347RG,NR34
England,Norwich 001F,NR34HZ,NR34
England,Waveney 010A,NR347DE,NR34
England,Norwich 001E,NR34HQ,NR34
England,Waveney 010A,NR349QX,NR34
England,Norwich 003E,NR34RB,NR34
England,Waveney 011B,NR347XA,NR34
England,Waveney 014D,NR348AA,NR34
England,Waveney 010A,NR349RH,NR34
England,Waveney 011B,NR348TT,NR34
England,Waveney 015A,NR348AE,NR34
England,Norwich 003A,NR34LD,NR34
England,Waveney 010B,NR349ND,NR34
England,South Norfolk 010B,NR340HE,NR34
England,Norwich 003D,NR34TP,NR34
England,Waveney 011B,NR348LY,NR34
England,Waveney 010A,NR349RD,NR34
England,Norwich 003B,NR34BS,NR34
England,Waveney 010C,NR349EQ,NR34
England,Waveney 010C,NR349WD,NR34
England,Norwich 003D,NR34RR,NR34
England,Norwich 003B,NR34HX,NR34
England,Norwich 015A,NR34SY,NR34
England,Waveney 011B,NR347TW,NR34
England,Norwich 001F,NR34ED,NR34
England,Waveney 011A,NR349UP,NR34
England,Waveney 011D,NR347QP,NR34
England,Waveney 011D,NR347PY,NR34
England,Waveney 010B,NR349NH,NR34
England,Waveney 011E,NR347DS,NR34
England,Waveney 011B,NR348TE,NR34
England,South Norfolk 010A,NR340AG,NR34
England,South Norfolk 010C,NR340BQ,NR34
England,Norwich 003D,NR34SD,NR34
England,Waveney 011B,NR347TZ,NR34
England,Waveney 011D,NR347PG,NR34
England,Waveney 010A,NR349RE,NR34
England,Norwich 003B,NR34JJ,NR34
England,Waveney 010C,NR349HQ,NR34
England,Waveney 011B,NR348LR,NR34
England,Waveney 010D,NR347AG,NR34
England,Waveney 011B,NR348HN,NR34
England,Waveney 010C,NR349AQ,NR34
England,Waveney 010A,NR349ET,NR34
England,Waveney 010C,NR349EA,NR34
England,Waveney 011B,NR348DH,NR34
England,Waveney 011D,NR347QL,NR34
England,Waveney 011B,NR348NZ,NR34
England,Waveney 014D,NR348BD,NR34
England,Waveney 013D,NR348HZ,NR34
England,South Norfolk 010C,NR340AX,NR34
England,Waveney 014D,NR348BN,NR34
England,Waveney 015A,NR348AJ,NR34
England,Waveney 014D,NR347HU,NR34
England,Waveney 015A,NR348AL,NR34
England,Waveney 011B,NR348JZ,NR34
England,South Norfolk 010C,NR340FR,NR34
England,Waveney 013D,NR348LH,NR34
England,Waveney 010D,NR347AF,NR34
England,Waveney 011B,NR348HF,NR34
England,Waveney 010A,NR349RU,NR34
England,Waveney 014D,NR348DR,NR34
England,Waveney 011B,NR348HH,NR34
England,Waveney 014D,NR347HX,NR34
England,Waveney 010E,NR349XF,NR34
England,Waveney 010D,NR349HU,NR34
England,Waveney 011E,NR347SG,NR34
England,Norwich 003E,NR34TJ,NR34
England,South Norfolk 010A,NR340LU,NR34
England,South Norfolk 010C,NR340HA,NR34
England,Waveney 015A,NR348BA,NR34
England,Waveney 015A,NR348RS,NR34
England,South Norfolk 010C,NR340BG,NR34
England,Norwich 001F,NR34EG,NR34
England,Waveney 011B,NR347UZ,NR34
England,Waveney 011D,NR347PT,NR34
England,Waveney 010A,NR349RJ,NR34
England,Waveney 011C,NR347RQ,NR34
England,Waveney 011E,NR347DZ,NR34
England,Waveney 014D,NR347JX,NR34
England,Waveney 010C,NR349AE,NR34
England,Waveney 010E,NR349YG,NR34
England,Waveney 010C,NR349BG,NR34
England,Waveney 011A,NR349YW,NR34
England,South Norfolk 010C,NR340AY,NR34
England,South Norfolk 010C,NR340EN,NR34
England,South Norfolk 010B,NR340HP,NR34
England,South Norfolk 010C,NR340EZ,NR34
England,Waveney 011D,NR347QU,NR34
England,Waveney 010D,NR347AZ,NR34
England,Norwich 003B,NR34JB,NR34
England,Waveney 010C,NR349BH,NR34
England,Waveney 013D,NR348JA,NR34
England,Waveney 010C,NR349BY,NR34
England,Waveney 011E,NR347RD,NR34
England,Waveney 011D,NR347QN,NR34
England,Waveney 010C,NR349BP,NR34
England,Norwich 003D,NR34TS,NR34
England,South Norfolk 010C,NR340BU,NR34
England,Waveney 010B,NR349PQ,NR34
England,Waveney 014D,NR347NE,NR34
England,Norwich 001E,NR34HA,NR34
England,Norwich 003E,NR34PQ,NR34
England,Waveney 010B,NR349TS,NR34
England,Waveney 011C,NR347EH,NR34
England,Waveney 011B,NR347NR,NR34
England,Waveney 011B,NR348HB,NR34
England,South Norfolk 010B,NR340HR,NR34
England,Waveney 010C,NR349DZ,NR34
England,Norwich 001E,NR34HE,NR34
England,Waveney 010E,NR349YS,NR34
England,Waveney 014D,NR347NF,NR34
England,Norwich 001F,NR34EJ,NR34
England,Waveney 010C,NR349DB,NR34
England,Norwich 003C,NR34BG,NR34
England,South Norfolk 010A,NR340LR,NR34
England,Waveney 014D,NR347HQ,NR34
England,Waveney 011A,NR349LS,NR34
England,Norwich 003D,NR34SJ,NR34
England,Waveney 010D,NR349JT,NR34
England,Norwich 003E,NR34RG,NR34
England,Waveney 014D,NR347JZ,NR34
England,Waveney 015A,NR348GE,NR34
England,Waveney 013D,NR348HS,NR34
England,Waveney 011C,NR347AL,NR34
England,Norwich 001E,NR34HB,NR34
England,Norwich 001F,NR34EP,NR34
England,Waveney 010A,NR349RX,NR34
England,Waveney 011C,NR347EY,NR34
England,Waveney 011E,NR347SA,NR34
England,Norwich 001F,NR34ET,NR34
England,Waveney 011B,NR347FD,NR34
England,Waveney 011A,NR349LU,NR34
England,Waveney 013D,NR348HX,NR34
England,Waveney 011B,NR347TY,NR34
England,Waveney 010A,NR349QP,NR34
England,Waveney 011C,NR347ER,NR34
England,Waveney 010B,NR349NS,NR34
England,Waveney 010C,NR347JU,NR34
England,Norwich 003B,NR34JP,NR34
England,Waveney 010B,NR349PB,NR34
England,Waveney 010B,NR349TU,NR34
England,Waveney 010A,NR349BU,NR34
England,Waveney 014D,NR347JY,NR34
England,South Norfolk 010A,NR340HT,NR34
England,Waveney 011B,NR348JN,NR34
England,Norwich 003A,NR34TA,NR34
England,South Norfolk 010C,NR340AR,NR34
England,South Norfolk 010C,NR340EA,NR34
England,Waveney 010C,NR349QY,NR34
England,Norwich 001F,NR34EL,NR34
England,Waveney 013D,NR348NR,NR34
England,Waveney 011B,NR348LT,NR34
England,Waveney 011C,NR347AJ,NR34
England,Waveney 010B,NR348HE,NR34
England,Waveney 014D,NR347LG,NR34
England,Waveney 010C,NR349AA,NR34
England,Norwich 003B,NR34JF,NR34
England,Waveney 010C,NR349DX,NR34
England,Waveney 010C,NR349AZ,NR34
England,Waveney 011B,NR348TU,NR34
England,Waveney 010C,NR349DA,NR34
England,Waveney 010A,NR349RF,NR34
England,Norwich 003A,NR34PL,NR34
England,South Norfolk 010C,NR340DD,NR34
England,Waveney 011E,NR347EE,NR34
England,Waveney 011B,NR348HL,NR34
England,Norwich 001E,NR34DF,NR34
England,South Norfolk 010C,NR340EH,NR34
England,Norwich 003E,NR34PU,NR34
England,Waveney 014D,NR347JG,NR34
England,Waveney 010E,NR349HY,NR34
England,Waveney 010B,NR349LY,NR34
England,Waveney 010E,NR349YR,NR34
England,Waveney 014D,NR347HF,NR34
England,Waveney 011E,NR347TD,NR34
England,Waveney 014D,NR347HR,NR34
England,Waveney 011E,NR347RZ,NR34
England,Waveney 011E,NR347DN,NR34
England,Waveney 014D,NR348BE,NR34
England,Waveney 010B,NR349NU,NR34
England,Waveney 010C,NR349AS,NR34
England,Waveney 011D,NR347SF,NR34
England,Waveney 010B,NR349PF,NR34
England,Waveney 011B,NR347XE,NR34
England,Waveney 010E,NR349HW,NR34
England,Waveney 010C,NR349BJ,NR34
England,Waveney 014D,NR347JW,NR34
England,Norwich 003F,NR34LG,NR34
England,South Norfolk 010A,NR340EG,NR34
England,Waveney 011D,NR347RF,NR34
England,Waveney 010C,NR349BX,NR34
England,South Norfolk 010A,NR340LD,NR34
England,Waveney 014D,NR347NA,NR34
England,Waveney 014D,NR348BP,NR34
England,Norwich 003E,NR34QW,NR34
England,South Norfolk 010C,NR340HN,NR34
England,Norwich 003B,NR34JH,NR34
England,Waveney 010D,NR347BG,NR34
England,Waveney 014D,NR348EW,NR34
England,South Norfolk 010C,NR340AD,NR34
England,Broadland 013C,NR34EZ,NR34
England,Norwich 003C,NR34BN,NR34
England,Waveney 010B,NR349TJ,NR34
England,Waveney 011B,NR348NA,NR34
England,Waveney 015A,NR348AQ,NR34
England,Broadland 009D,NR34DW,NR34
England,Waveney 010B,NR349PE,NR34
England,South Norfolk 010C,NR340BY,NR34
England,South Norfolk 010C,NR340AW,NR34
England,Waveney 014D,NR347HS,NR34
England,Waveney 011E,NR347RL,NR34
England,Waveney 011C,NR347ET,NR34
England,Waveney 014D,NR348DB,NR34
England,Waveney 010C,NR347WW,NR34
England,South Norfolk 010C,NR340BH,NR34
England,Norwich 001E,NR34DE,NR34
England,Waveney 014D,NR347LL,NR34
England,Waveney 013D,NR348ND,NR34
England,Norwich 003B,NR34JA,NR34
England,Waveney 015A,NR348AS,NR34
England,Waveney 014D,NR348EH,NR34
England,Waveney 011B,NR347UT,NR34
England,Norwich 001F,NR34EB,NR34
England,South Norfolk 010C,NR340BF,NR34
England,Waveney 014D,NR347JH,NR34
England,Waveney 010A,NR349RP,NR34
England,Waveney 011E,NR347EG,NR34
England,South Norfolk 010C,NR340ET,NR34
England,Norwich 003A,NR34TE,NR34
England,Waveney 010B,NR349YL,NR34
England,Waveney 011B,NR347UX,NR34
England,Norwich 001F,NR34DS,NR34
England,Waveney 010D,NR347BJ,NR34
England,Waveney 010C,NR349QD,NR34
England,Waveney 011B,NR347TT,NR34
England,Waveney 014D,NR348EG,NR34
England,Waveney 015A,NR348AT,NR34
England,Waveney 014D,NR347HT,NR34
England,Norwich 003B,NR34JT,NR34
England,Waveney 011B,NR348HQ,NR34
England,Norwich 003B,NR34BT,NR34
England,Norwich 001F,NR34HL,NR34
England,Waveney 010B,NR349NR,NR34
England,Waveney 013D,NR348HY,NR34
England,South Norfolk 010C,NR340BX,NR34
England,Waveney 010D,NR349LR,NR34
England,Broadland 013C,NR34HP,NR34
England,Waveney 010C,NR349HG,NR34
England,Norwich 003A,NR34PB,NR34
England,Waveney 011B,NR348JR,NR34
England,Waveney 013D,NR348NH,NR34
England,Waveney 010A,NR347DA,NR34
England,Waveney 014D,NR348BG,NR34
England,Waveney 010B,NR349TG,NR34
England,Waveney 011A,NR349LE,NR34
England,Waveney 014D,NR347JQ,NR34
England,Waveney 010A,NR347BN,NR34
England,Waveney 011D,NR347PS,NR34
England,Waveney 010B,NR349TZ,NR34
England,South Norfolk 010C,NR340DG,NR34
England,Waveney 011B,NR348PF,NR34
England,Waveney 010A,NR349RT,NR34
England,Waveney 011D,NR347PH,NR34
England,Waveney 010A,NR349JF,NR34
England,Waveney 010E,NR349UX,NR34
England,South Norfolk 010C,NR340AU,NR34
England,Waveney 010D,NR349HR,NR34
England,Waveney 014D,NR347LE,NR34
England,Waveney 010A,NR349JA,NR34
England,Waveney 010E,NR349XL,NR34
England,Norwich 003B,NR34JG,NR34
England,South Norfolk 010C,NR340DR,NR34
England,South Norfolk 010C,NR340BS,NR34
England,Waveney 013D,NR348JF,NR34
England,Waveney 011C,NR347BS,NR34
England,Waveney 010C,NR349DJ,NR34
England,Waveney 011B,NR348PA,NR34
England,Waveney 011C,NR347EP,NR34
England,South Norfolk 010C,NR340DA,NR34
England,Waveney 013D,NR348HU,NR34
England,Norwich 003D,NR34SE,NR34
England,Waveney 014D,NR347NH,NR34
England,Norwich 003A,NR34PD,NR34
England,South Norfolk 010B,NR340HL,NR34
England,South Norfolk 010A,NR340LL,NR34
England,Norwich 003B,NR34QQ,NR34
England,Norwich 003A,NR34TB,NR34
England,Norwich 003A,NR34PJ,NR34
England,Waveney 011E,NR347RS,NR34
England,Norwich 003D,NR34SN,NR34
England,Waveney 011D,NR347PP,NR34
England,Waveney 011B,NR347UA,NR34
England,South Norfolk 010A,NR340LT,NR34
England,Waveney 011B,NR348HJ,NR34
England,Waveney 011C,NR347DL,NR34
England,Waveney 010B,NR349NE,NR34
England,Waveney 014D,NR347HP,NR34
England,Norwich 001E,NR34DP,NR34
England,Waveney 011D,NR347QR,NR34
England,Waveney 014D,NR348EN,NR34
England,Norwich 003B,NR34AY,NR34
England,Norwich 003E,NR34PY,NR34
England,Waveney 015A,NR348AU,NR34
England,Waveney 011D,NR347PX,NR34
England,Waveney 010D,NR349JG,NR34
England,Norwich 003B,NR34BL,NR34
England,Waveney 010A,NR349SG,NR34
England,Waveney 011B,NR347UN,NR34
England,South Norfolk 010A,NR340EF,NR34
England,South Norfolk 010A,NR340HG,NR34
England,Waveney 011E,NR347RB,NR34
England,Norwich 003D,NR34RL,NR34
England,Waveney 011A,NR349JZ,NR34
England,Waveney 010E,NR349EW,NR34
England,Waveney 010B,NR349AJ,NR34
England,Waveney 014D,NR347LN,NR34
England,Waveney 013D,NR348JQ,NR34
England,Waveney 010A,NR349RW,NR34
England,Norwich 003E,NR34PX,NR34
England,Waveney 010B,NR349UE,NR34
England,Waveney 013D,NR348JD,NR34
England,Waveney 010A,NR349TD,NR34
England,Waveney 010C,NR349QN,NR34
England,Norwich 003B,NR34BH,NR34
England,Waveney 014D,NR348BS,NR34
England,Waveney 010B,NR349YQ,NR34
England,Waveney 011D,NR347QQ,NR34
England,Waveney 011D,NR347QF,NR34
England,Waveney 014D,NR347JL,NR34
England,South Norfolk 010A,NR340LQ,NR34
England,Norwich 003D,NR34UA,NR34
England,Waveney 014D,NR347JF,NR34
England,Waveney 014D,NR348EL,NR34
England,Norwich 001F,NR34EQ,NR34
England,Waveney 011B,NR348JS,NR34
England,Waveney 011E,NR347FA,NR34
England,Norwich 001F,NR34EW,NR34
England,Waveney 010B,NR349HB,NR34
England,Norwich 001E,NR34DG,NR34
England,Waveney 011D,NR347RT,NR34
England,Waveney 014D,NR348EY,NR34
England,Waveney 015A,NR348RH,NR34
England,Waveney 011C,NR347DH,NR34
England,Waveney 010E,NR349XA,NR34
England,South Norfolk 010A,NR340ND,NR34
England,Waveney 014D,NR348DW,NR34
England,Norwich 003E,NR34TG,NR34
England,South Norfolk 010C,NR340BW,NR34
England,Waveney 010B,NR349UH,NR34
England,Waveney 010A,NR349RR,NR34
England,Waveney 011B,NR348NE,NR34
England,Norwich 003B,NR34BU,NR34
England,Norwich 001F,NR34DU,NR34
England,Waveney 010C,NR349HF,NR34
England,Waveney 011D,NR347QB,NR34
England,Norwich 003F,NR34AW,NR34
England,Norwich 001F,NR34HW,NR34
England,Norwich 001F,NR34EN,NR34
England,Waveney 010C,NR349DY,NR34
England,South Norfolk 010A,NR340HS,NR34
England,South Norfolk 010A,NR340LP,NR34
England,Waveney 014D,NR347LH,NR34
England,South Norfolk 010C,NR340AT,NR34
England,South Norfolk 010C,NR340ER,NR34
England,Waveney 010C,NR349BF,NR34
England,Waveney 010B,NR349PJ,NR34
England,Waveney 010C,NR349ED,NR34
England,South Norfolk 010A,NR340LZ,NR34
England,Waveney 011A,NR349LH,NR34
England,Norwich 001F,NR34DY,NR34
England,Waveney 010D,NR349JS,NR34
England,Waveney 011A,NR349LP,NR34
England,Waveney 014D,NR348EA,NR34
England,Waveney 011A,NR349YN,NR34
England,Waveney 010C,NR349DP,NR34
England,Waveney 010E,NR349YB,NR34
England,Waveney 011B,NR347TU,NR34
England,Waveney 014D,NR348EE,NR34
England,Norwich 003D,NR34RZ,NR34
England,South Norfolk 010C,NR340DB,NR34
England,Waveney 010C,NR349DE,NR34
England,Norwich 003D,NR34RS,NR34
England,Waveney 011D,NR347QW,NR34
England,Waveney 013D,NR348JJ,NR34
England,Norwich 003E,NR34QY,NR34
England,Waveney 011B,NR348LZ,NR34
England,Waveney 011B,NR347UL,NR34
England,Waveney 014D,NR347NS,NR34
England,South Norfolk 010C,NR340EX,NR34
England,Waveney 010A,NR349SP,NR34
England,Waveney 010D,NR347BD,NR34
England,Waveney 011B,NR347UU,NR34
England,Waveney 011B,NR347TN,NR34
England,Waveney 010A,NR347FB,NR34
England,Waveney 010B,NR349HE,NR34
England,Waveney 011B,NR348HA,NR34
England,Norwich 003A,NR34LW,NR34
England,Norwich 003B,NR34BE,NR34
England,Waveney 011B,NR347UR,NR34
England,Norwich 003B,NR34QR,NR34
England,Waveney 010C,NR349BB,NR34
England,Waveney 010B,NR349NJ,NR34
England,Norwich 001E,NR34HG,NR34
England,Waveney 010E,NR349YE,NR34
England,Waveney 011E,NR347DT,NR34
England,Waveney 013D,NR348NJ,NR34
England,Waveney 011A,NR349LB,NR34
England,Norwich 003B,NR34JZ,NR34
England,Waveney 010B,NR349UJ,NR34
England,Waveney 010C,NR349TF,NR34
England,South Norfolk 010C,NR340DQ,NR34
England,Waveney 010C,NR349TL,NR34
England,Norwich 003E,NR34QL,NR34
England,Waveney 010E,NR349XN,NR34
England,Norwich 003F,NR34AN,NR34
England,Waveney 011E,NR347EX,NR34
England,Norwich 003F,NR34LN,NR34
England,Norwich 003E,NR34PT,NR34
England,Waveney 011B,NR348TF,NR34
England,Waveney 010C,NR347NZ,NR34
England,Waveney 011A,NR349JU,NR34
England,Waveney 010C,NR349AD,NR34
England,Norwich 003E,NR34RA,NR34
England,Norwich 003E,NR34QJ,NR34
England,Waveney 014D,NR348DP,NR34
England,Waveney 015A,NR348RA,NR34
England,Waveney 011C,NR347BY,NR34
England,Waveney 011B,NR348HD,NR34
England,Norwich 001E,NR34DN,NR34
England,Waveney 011B,NR347XD,NR34
England,Waveney 010C,NR349AB,NR34
England,Waveney 014D,NR347LZ,NR34
England,Waveney 014D,NR348BH,NR34
England,Norwich 003B,NR34JR,NR34
England,Waveney 015A,NR348AY,NR34
England,Waveney 011C,NR347BX,NR34
England,Waveney 011D,NR347PD,NR34
England,Waveney 011B,NR347UB,NR34
England,South Norfolk 010A,NR340HU,NR34
England,Waveney 010C,NR349DR,NR34
England,Waveney 010B,NR349TQ,NR34
England,Waveney 011B,NR348HP,NR34
England,Waveney 010B,NR349NA,NR34
England,Waveney 011C,NR347AP,NR34
England,Waveney 011C,NR347EW,NR34
England,South Norfolk 010C,NR340AP,NR34
England,Waveney 010C,NR349SJ,NR34
England,Waveney 011A,NR349JR,NR34
England,Waveney 011C,NR347EQ,NR34
England,Waveney 010D,NR349JQ,NR34
England,Norwich 003B,NR34SQ,NR34
England,Waveney 011C,NR347DX,NR34
England,Waveney 014D,NR347HD,NR34
England,Waveney 014D,NR347NB,NR34
England,South Norfolk 010A,NR340LF,NR34
England,Waveney 010C,NR349HH,NR34
England,Waveney 013D,NR348NB,NR34
England,Waveney 010A,NR349QZ,NR34
England,Waveney 011E,NR347TE,NR34
England,Norwich 015A,NR34TD,NR34
England,Waveney 011C,NR347BZ,NR34
England,Waveney 011A,NR349PT,NR34
England,Waveney 010C,NR349DN,NR34
England,Norwich 003A,NR34PR,NR34
England,Waveney 010A,NR349QU,NR34
England,Waveney 010B,NR349NG,NR34
England,Waveney 010A,NR349QW,NR34
England,Waveney 011D,NR347PN,NR34
England,Norwich 001F,NR34ES,NR34
England,Waveney 010A,NR349SD,NR34
England,Waveney 014D,NR347LX,NR34
England,Waveney 010B,NR349UF,NR34
England,Waveney 011C,NR347EU,NR34
England,Waveney 013D,NR348NN,NR34
England,Waveney 011B,NR348DA,NR34
England,Norwich 003D,NR34RW,NR34
England,Waveney 011D,NR347SJ,NR34
England,Waveney 010C,NR349EG,NR34
England,Waveney 011D,NR347SH,NR34
England,Waveney 014D,NR347HL,NR34
England,Norwich 001F,NR34EF,NR34
England,Norwich 003B,NR34QH,NR34
England,Waveney 015A,NR348AP,NR34
England,Waveney 011A,NR349LQ,NR34
England,South Norfolk 010A,NR340EE,NR34
England,South Norfolk 010C,NR340BN,NR34
England,Waveney 014D,NR347UJ,NR34
England,Waveney 010B,NR349AW,NR34
England,Waveney 010C,NR349WW,NR34
England,Waveney 014D,NR348BB,NR34
England,Waveney 010B,NR349TH,NR34
England,Waveney 011B,NR347XB,NR34
England,Waveney 011D,NR347QX,NR34
England,Waveney 011A,NR347AX,NR34
England,Waveney 011C,NR347AH,NR34
England,Waveney 010A,NR349QR,NR34
England,Waveney 011B,NR347QJ,NR34
England,Waveney 010C,NR349BQ,NR34
England,Norwich 015A,NR34TX,NR34
England,Waveney 011C,NR347AT,NR34
England,Waveney 010E,NR349UT,NR34
England,Waveney 011E,NR347RY,NR34
England,Waveney 011E,NR347RU,NR34
England,Waveney 011E,NR347RJ,NR34
England,Waveney 013D,NR348JP,NR34
England,Waveney 014D,NR347JS,NR34
England,Waveney 011B,NR347XQ,NR34
England,Waveney 011B,NR348TQ,NR34
England,Norwich 003B,NR34HJ,NR34
England,Waveney 014D,NR348DQ,NR34
England,Norwich 001E,NR34HF,NR34
England,Waveney 011D,NR347TJ,NR34
England,Waveney 011B,NR348PD,NR34
England,Waveney 010D,NR347BQ,NR34
England,Waveney 010C,NR349PZ,NR34
England,Waveney 010D,NR349LD,NR34
England,Norwich 003F,NR34PS,NR34
England,Waveney 010C,NR349DL,NR34
England,Norwich 003F,NR34LQ,NR34
England,Norwich 003B,NR34HT,NR34
England,Waveney 014D,NR347BL,NR34
England,Waveney 014D,NR347HA,NR34
England,Waveney 010C,NR349QT,NR34
England,Waveney 010B,NR349NB,NR34
England,Waveney 011B,NR348EZ,NR34
England,South Norfolk 010A,NR340LJ,NR34
England,Waveney 011B,NR347PL,NR34
England,Norwich 003A,NR34PP,NR34
England,Waveney 013D,NR348HR,NR34
England,Waveney 011B,NR348TX,NR34
England,Norwich 001F,NR34HY,NR34
England,Waveney 010B,NR349UB,NR34
England,Waveney 011B,NR348LQ,NR34
England,Waveney 014D,NR348EB,NR34
England,Norwich 003E,NR34QB,NR34
England,Norwich 003D,NR34SA,NR34
England,Waveney 010C,NR349DG,NR34
England,Norwich 003A,NR34TU,NR34
England,Norwich 003A,NR34RQ,NR34
England,Waveney 010E,NR349XH,NR34
England,Waveney 014D,NR347NN,NR34
England,Norwich 001F,NR34DX,NR34
England,Norwich 003A,NR34TZ,NR34
England,Waveney 014D,NR347UE,NR34
England,Norwich 003B,NR34BB,NR34
England,Waveney 011A,NR349LA,NR34
England,South Norfolk 010A,NR340LG,NR34
England,Waveney 011B,NR348NF,NR34
England,Waveney 010C,NR349HD,NR34
England,Waveney 010C,NR349YY,NR34
England,Norwich 003C,NR34BQ,NR34
England,Waveney 010C,NR349TA,NR34
England,Waveney 010A,NR349SB,NR34
England,Waveney 010C,NR349DW,NR34
England,South Norfolk 010A,NR340HD,NR34
England,Waveney 013D,NR348LB,NR34
England,Waveney 011B,NR348LF,NR34
England,Waveney 010C,NR349EB,NR34
England,Norwich 003E,NR34TH,NR34
England,Waveney 011D,NR347QH,NR34
England,Waveney 010D,NR349LF,NR34
England,Waveney 011D,NR347BF,NR34
England,Waveney 010C,NR349BN,NR34
England,Waveney 014D,NR348DZ,NR34
England,Waveney 013D,NR348JH,NR34
England,Waveney 013D,NR348JG,NR34
England,Waveney 014D,NR347JP,NR34
England,Norwich 003E,NR34PF,NR34
England,South Norfolk 010A,NR340HB,NR34
England,Waveney 011B,NR347TG,NR34
England,South Norfolk 010C,NR340EQ,NR34
England,Norwich 003B,NR34TL,NR34
England,Waveney 010C,NR349TE,NR34
England,Norwich 003E,NR34PE,NR34
England,Waveney 011B,NR348JT,NR34
England,Waveney 014D,NR348DS,NR34
England,Waveney 011D,NR347RR,NR34
England,Waveney 014D,NR347HW,NR34
England,South Norfolk 010A,NR340LA,NR34
England,Norwich 003C,NR34BX,NR34
England,Waveney 010D,NR349JN,NR34
England,Waveney 014D,NR347NY,NR34
England,Waveney 013D,NR348NW,NR34
England,South Norfolk 010A,NR340LN,NR34
England,South Norfolk 010C,NR340EP,NR34
England,Waveney 011D,NR347PZ,NR34
England,Waveney 010E,NR349EP,NR34
England,Waveney 014D,NR348BJ,NR34
England,Norwich 003D,NR34TR,NR34
England,Waveney 010A,NR349RN,NR34
England,Waveney 010B,NR349NY,NR34
England,Norwich 003A,NR34PH,NR34
England,Waveney 014D,NR348EP,NR34
England,Waveney 010B,NR349PG,NR34
England,Waveney 010B,NR349UN,NR34
England,Waveney 010E,NR348TR,NR34
England,Waveney 014D,NR347NQ,NR34
England,Waveney 011A,NR347AY,NR34
England,Waveney 010B,NR349LZ,NR34
England,Waveney 010C,NR349BA,NR34
England,Waveney 011E,NR347EA,NR34
England,Waveney 010B,NR349TW,NR34
England,South Norfolk 010A,NR340ED,NR34
England,Waveney 011A,NR349EH,NR34
England,Waveney 015A,NR348AB,NR34
England,Waveney 010E,NR349YT,NR34
England,Norwich 003E,NR34QX,NR34
England,Norwich 001F,NR34EU,NR34
England,South Norfolk 010C,NR340EY,NR34
England,Waveney 015A,NR348AG,NR34
England,South Norfolk 010C,NR340BA,NR34
England,Norwich 003E,NR34QF,NR34
England,Norwich 003A,NR34AE,NR34
England,Waveney 014D,NR348BQ,NR34
England,Waveney 010A,NR349RS,NR34
England,Waveney 010E,NR349XD,NR34
England,South Norfolk 010C,NR340EU,NR34
England,Waveney 015A,NR348RL,NR34
England,Waveney 011B,NR347PB,NR34
England,Waveney 010B,NR349NX,NR34
England,Waveney 011C,NR347AW,NR34
England,Waveney 010B,NR349NN,NR34
England,Waveney 011D,NR347QD,NR34
England,South Norfolk 010A,NR340HH,NR34
England,Waveney 011D,NR347SL,NR34
England,Norwich 003D,NR34RJ,NR34
England,Waveney 011E,NR347RW,NR34
England,Norwich 003A,NR34AA,NR34
England,Waveney 010C,NR349QQ,NR34
England,Waveney 010A,NR349SF,NR34
England,Waveney 014D,NR347LR,NR34
England,Norwich 003A,NR34TT,NR34
England,Norwich 003D,NR34RT,NR34
England,Waveney 010A,NR349JE,NR34
England,South Norfolk 010C,NR340AL,NR34
England,Waveney 011E,NR347PF,NR34
England,South Norfolk 010C,NR340BP,NR34
England,Waveney 010B,NR349NZ,NR34
England,Waveney 010B,NR349UL,NR34
England,Waveney 010A,NR349RQ,NR34
England,South Norfolk 010C,NR340BB,NR34
England,Waveney 010A,NR347DF,NR34
England,Waveney 010A,NR349RZ,NR34
England,Waveney 015A,NR348RR,NR34
England,Waveney 011A,NR349PS,NR34
England,Waveney 014D,NR347LJ,NR34
England,Waveney 010E,NR349YF,NR34
England,Waveney 010C,NR349TR,NR34
England,Norwich 003A,NR34PA,NR34
England,Waveney 015A,NR348AX,NR34
England,Waveney 015A,NR348RW,NR34
England,Waveney 010E,NR349YA,NR34
England,Norwich 003B,NR34BJ,NR34
England,South Norfolk 010A,NR340LH,NR34
England,Norwich 003B,NR34JU,NR34
England,Norwich 003E,NR34LF,NR34
England,Waveney 010C,NR349EE,NR34
England,Norwich 003F,NR34PN,NR34
England,Waveney 010D,NR347AE,NR34
England,Waveney 011B,NR347TB,NR34
England,Waveney 014D,NR348ED,NR34
England,Waveney 010C,NR349HL,NR34
England,Waveney 011D,NR347QG,NR34
England,Waveney 010C,NR349HP,NR34
England,Norwich 003E,NR34QN,NR34
England,Waveney 014D,NR347LA,NR34
England,Waveney 015A,NR348ES,NR34
England,Waveney 015A,NR348AN,NR34
England,South Norfolk 010A,NR340LE,NR34
England,Norwich 003D,NR34SG,NR34
England,Norwich 003C,NR34BY,NR34
England,Waveney 010B,NR349NF,NR34
England,Waveney 010E,NR349XP,NR34
England,Waveney 014D,NR348DN,NR34
England,Waveney 010A,NR349SL,NR34
England,Waveney 010B,NR349RB,NR34
England,Waveney 010E,NR349YU,NR34
England,Waveney 010E,NR349XX,NR34
England,South Norfolk 010C,NR340AS,NR34
England,Waveney 010C,NR349AY,NR34
England,Waveney 015A,NR348BF,NR34
England,Waveney 010A,NR349XZ,NR34
England,Norwich 003B,NR34BP,NR34
England,Waveney 013D,NR348NG,NR34
England,Waveney 014D,NR348BL,NR34
England,South Norfolk 010C,NR340DH,NR34
England,Waveney 011B,NR348DD,NR34
England,Waveney 010A,NR349RG,NR34
England,Waveney 011C,NR347EN,NR34
England,Waveney 011C,NR347AR,NR34
England,Waveney 011A,NR349LW,NR34
England,Waveney 010B,NR349AR,NR34
England,Waveney 011D,NR347QT,NR34
England,Waveney 010A,NR349SA,NR34
England,Waveney 011E,NR347DR,NR34
England,Waveney 011E,NR347AS,NR34
England,Waveney 013D,NR348JB,NR34
England,Waveney 011E,NR347DY,NR34
England,Waveney 010C,NR349QG,NR34
England,Waveney 010A,NR349SN,NR34
England,Waveney 010A,NR349UG,NR34
England,Waveney 010D,NR347AA,NR34
England,Waveney 013D,NR348JE,NR34
England,Waveney 010C,NR349BD,NR34
England,Norwich 003A,NR34TY,NR34
England,Waveney 010B,NR349YP,NR34
England,Norwich 003E,NR34QG,NR34
England,Waveney 010B,NR349NL,NR34
England,Waveney 011E,NR347RA,NR34
England,Waveney 011B,NR347UW,NR34
England,Norwich 003F,NR34AL,NR34
England,Waveney 011B,NR348LE,NR34
England,Waveney 015A,NR348RE,NR34
England,Waveney 011D,NR347RE,NR34
England,Waveney 011C,NR347DJ,NR34
England,Waveney 015A,NR348AZ,NR34
England,Waveney 013D,NR348NP,NR34
England,Waveney 010E,NR349UY,NR34
England,South Norfolk 010C,NR340DN,NR34
England,Waveney 010C,NR349QH,NR34
England,Waveney 011B,NR348NY,NR34
England,Norwich 003D,NR34RN,NR34
England,Norwich 003C,NR34BW,NR34
England,Waveney 010B,NR349NP,NR34
England,Norwich 003E,NR34PG,NR34
England,Waveney 010C,NR349ER,NR34
England,Waveney 011A,NR349PX,NR34
England,Waveney 010A,NR349JB,NR34
England,Waveney 014D,NR347JE,NR34
England,Waveney 014D,NR347UG,NR34
England,Waveney 011C,NR347DU,NR34
England,Waveney 010A,NR349SH,NR34
England,Norwich 003C,NR34BA,NR34
England,South Norfolk 010A,NR340LY,NR34
England,South Norfolk 010A,NR340EB,NR34
England,Waveney 011B,NR348JY,NR34
England,Waveney 010C,NR349HJ,NR34
England,Norwich 003C,NR34LA,NR34
England,Waveney 011A,NR349HT,NR34
England,Norwich 003F,NR34PW,NR34
England,Waveney 011B,NR348LA,NR34
England,Waveney 010C,NR349QF,NR34
England,Waveney 010C,NR349QA,NR34
England,Waveney 011E,NR347ES,NR34
England,Waveney 014D,NR348BW,NR34
England,Waveney 011B,NR348DJ,NR34
England,Waveney 015A,NR348AR,NR34
England,Waveney 014D,NR347NX,NR34
England,Norwich 003E,NR34PZ,NR34
England,South Norfolk 010C,NR340DL,NR34
England,Waveney 011D,NR347SP,NR34
England,Norwich 003B,NR34JN,NR34
England,Norwich 003E,NR34TQ,NR34
England,Waveney 010D,NR347BH,NR34
England,Waveney 011B,NR348HW,NR34
England,Waveney 014D,NR347LQ,NR34
England,Waveney 010C,NR349QJ,NR34
England,Waveney 011D,NR347TL,NR34
England,Norwich 001F,NR34ER,NR34
England,Norwich 003D,NR34RX,NR34
England,Waveney 011C,NR347BU,NR34
England,Waveney 010B,NR349NW,NR34
England,Waveney 010C,NR349AX,NR34
England,Waveney 014D,NR347LY,NR34
England,Waveney 010B,NR349UQ,NR34
England,Waveney 011B,NR348LN,NR34
England,Waveney 010A,NR349RL,NR34
England,Waveney 011D,NR347PR,NR34
England,Norwich 015A,NR34SZ,NR34
England,Waveney 014D,NR348EQ,NR34
England,Waveney 010C,NR349DU,NR34
England,Norwich 003D,NR34RF,NR34
England,Waveney 010C,NR349HA,NR34
England,South Norfolk 010C,NR340AA,NR34
England,South Norfolk 010A,NR340PB,NR34
England,Waveney 011B,NR348EX,NR34
England,Waveney 015A,NR348RQ,NR34
England,Waveney 010E,NR349XW,NR34
England,Waveney 014D,NR348DU,NR34
England,Waveney 010E,NR349UZ,NR34
